9939
90858
84823
86629
85810
76317
36502
3037
82099
29715
39066
52447
98359
3822
50359
14886
31289
66337
22894
55460
44700
42057
15925
90456
56111
89432
40460
33641
36284
20553
82137
85140
72176
2676
59854
72333
48348
52907
80671
83587
16598
37996
6292
25126
61571
52188
18052
8652
10666
23113
5569
99730
4414
83443
2446
49943
37731
18698
68314
40796
35523
31606
58984
29522
81127
84062
8831
75471
59491
24688
46494
51840
446
95343
66176
97593
25259
24211
74695
69443
13943
5945
1536
13844
49940
92278
7448
40762
25543
87199
64167
41892
77833
72055
42771
67973
67475
17646
96635
18625
55331
74454
71381
80276
11971
11298
73143
68635
46558
18815
79004
72932
94494
21543
98733
17492
58151
24451
57677
70132
2278
4180
48845
39663
75713
36236
79705
51414
78685
80521
55458
59235
44076
22365
26431
65886
27668
1894
20500
32638
58006
10631
92393
96202
6637
51252
92930
72884
60914
63790
18231
93385
35811
3727
18466
5910
89438
2915
13008
28818
24829
33333
51845
6726
59205
71689
54767
41542
30038
93392
65416
86749
38057
82966
15042
22050
93636
61947
90138
21211
12608
74133
70539
28294
61941
99520
99406
18595
84137
48258
50308
12237
99373
67098
15481
71972
6028
44290
84452
88596
97688
51498
25919
13624
99807
27230
88577
71846
53583
26441
39278
85170
90566
33389
51327
97488
83226
98861
70689
63921
29610
87992
83139
76866
48815
96079
79777
69982
92147
26524
66236
28877
59249
92218
42483
65752
28628
40934
62257
32975
12816
17757
22340
1989
53776
21625
88260
63745
66032
33425
16021
17603
49164
35719
22841
56110
15419
98917
66579
32682
43746
45265
94252
22909
82660
72826
49327
73894
48334
11811
74606
30302
40119
10369
9577
4700
68683
7117
52886
44868
90842
85829
68250
6521
32362
55909
98589
96720
29843
72521
63579
92604
87991
37432
3910
10784
41897
56954
12767
28221
32341
79545
1367
70551
73449
40864
56709
6946
68138
94505
100000
55405
99064
50653
18870
49522
31854
61389
90503
79858
96759
42283
4678
97887
42995
88339
34504
99800
76241
42889
29727
30580
63118
49078
48939
50348
465
10914
27703
55258
42960
68288
93726
64040
63840
87714
64351
99801
39177
13489
20122
55219
9671
13167
2150
9595
66772
3328
5203
42754
14770
21477
26280
12966
2229
76739
89490
20935
73530
70335
45877
16739
22707
3812
67652
20094
36983
1409
3350
88772
53918
34289
75166
86103
65815
65912
87234
77356
61351
61387
66288
1063
76959
37770
81448
39254
60776
77934
23028
70654
74882
39417
71527
98203
15925
91984
41488
5451
96420
10690
1787
44777
88493
62978
24807
64426
55762
87720
49034
1886
21743
59005
51031
82816
3284
60166
98989
28021
33550
10797
83297
13720
18715
42170
31480
54908
32936
1279
35075
96131
82380
512
76520
23609
43212
77355
38691
97726
28747
66257
80361
16207
42005
41777
10475
18192
23178
29257
52727
48582
84930
23731
76111
63476
26457
28193
17519
48345
55405
96912
39921
76034
90477
43811
23441
94284
62262
78244
91555
75722
92892
13601
25401
8930
71702
9275
13513
89995
5064
78149
5945
54679
99046
25864
45143
67209
12081
12102
37210
5143
22681
74384
57038
79851
9611
80492
8499
74391
35396
79587
67620
97635
51287
71872
4372
81666
54622
68422
34645
82066
15973
44528
56603
28048
28510
43438
64421
19611
30664
48233
39359
93993
13553
58647
108
87107
83585
54478
32900
51049
38067
42798
96084
74480
86135
95896
91396
25066
77393
2973
94292
75480
54298
15177
12547
18800
57787
76283
9600
80100
68890
56350
34716
8147
1469
90745
77012
20556
95679
47465
43414
15316
5310
81628
45699
35311
25755
92010
83578
20142
67146
39706
23669
89481
47759
83800
59876
88498
86032
44800
53486
57208
88024
28802
77939
48006
38144
45507
19765
80212
2808
66527
69129
63728
19648
40931
23813
94706
91598
15768
47849
82656
32167
33079
55274
70493
42583
2991
88561
1372
72980
4461
77700
8171
88226
57761
73314
67466
10099
82552
21975
59057
51035
81210
21896
38443
75985
45557
66796
95289
94518
79480
64034
40909
16621
74831
86507
23738
55937
54254
25493
7884
77972
80134
92824
26642
82369
82947
8930
28188
29091
26882
10205
60348
83821
83322
76153
17623
15296
21805
4897
86354
8545
93776
72082
90922
63484
40436
90899
87357
27984
82409
8512
56915
33555
22357
96294
86088
28863
52750
61544
77159
64878
33848
2114
14555
19347
32311
96282
66085
58643
11686
53436
12584
77293
94080
51001
97500
64854
62797
88577
69962
12073
57127
76348
33040
95689
42001
54995
43878
57907
64275
88655
65366
53503
51806
34659
55917
63422
18221
97170
42154
48047
98721
6527
25325
60967
63091
70942
82898
35422
79362
61517
95778
19326
93719
57123
5842
11261
53198
58146
80378
40812
86876
57772
8179
33160
59348
38124
89899
41655
70028
19499
18587
17008
11639
61115
81925
14442
33518
87744
73061
71596
35127
95775
16372
52089
55417
38995
18584
800
6480
662
82211
66623
72156
58521
36935
67966
99601
85165
76007
49135
98753
91702
98981
22059
25139
66876
4340
98573
42375
83577
31901
92266
89855
24677
14079
79014
5036
56433
55730
87855
7371
30088
28812
95529
15001
70793
95882
62319
8597
19896
21530
32658
19599
19151
6554
29950
97183
30512
63206
69715
35533
58795
68681
84680
14721
45787
17610
76660
52230
5271
29480
57774
34155
66341
23936
6027
11218
55110
62708
61366
34414
6974
69890
8876
39647
32503
32781
9240
66054
59289
8292
72174
89450
78796
50746
51506
99785
89219
69108
57716
31654
92701
16504
81006
60345
78673
31492
34238
78232
7178
12209
73170
97929
32474
39711
15393
5257
10992
67601
44604
2824
92291
89213
19894
38290
39126
34079
51975
99034
76755
76380
2116
33601
92032
41708
53535
96804
92107
95902
28122
59696
39271
34361
36579
26015
38703
47618
20300
80167
76807
79162
66922
45140
18117
1993
18889
21437
69639
76964
46052
893
88159
70525
23751
78945
85195
20784
55192
20409
58619
46814
41217
45797
55279
79058
57322
13459
1278
41966
72220
19276
92980
48854
71716
82019
70987
13892
53410
73356
78537
67417
6900
7157
11681
30702
4939
16660
31983
72117
41659
29504
79782
96104
26197
29980
55027
42269
13224
23512
77863
81812
90242
40536
17729
80231
37046
21866
78295
38025
65459
39317
40769
67993
43972
25644
793
98750
37409
28536
19321
67747
27393
62061
18303
99179
87541
93416
68057
69421
28825
95774
4780
22079
10474
35339
79255
69459
53588
30919
70046
92247
27121
15080
81210
20128
88963
22785
90159
21965
64105
16836
66570
32130
76145
54235
26236
7278
86818
25110
78968
88414
50865
68292
88863
21296
44649
30931
223
79103
76336
21155
11886
95795
39932
98624
72440
7880
1558
58671
96893
24239
14603
4243
72762
57220
17919
84360
73017
56159
91878
93414
84196
66440
65901
99825
41780
51590
77168
42186
19966
64436
65962
51344
61218
81623
33385
63845
5889
18579
61425
33882
7781
10697
66227
29320
22876
46331
29020
48914
31727
85159
71510
41411
14914
92120
65442
13344
2451
62910
19306
8949
40367
55921
51414
17038
25736
5242
70063
49998
93708
41089
62658
64227
20139
66962
52781
72570
35690
41208
43316
53159
63665
72185
82328
18382
45989
39877
93967
39630
57845
45119
51690
35523
32212
31726
85605
24819
47246
40876
7035
52731
91849
64169
11959
86239
61751
30447
32261
24635
14951
35173
85199
60585
68317
89339
35517
9411
96635
9203
82076
10827
18920
47273
41607
87192
3447
99850
927
51586
56400
44884
6304
23728
1221
37317
4916
67915
9861
78017
65978
7459
23037
22630
65799
84500
33847
9230
11962
83906
52884
83292
65867
68075
27931
50490
37684
43131
70507
17970
22025
41040
23763
51890
15486
49882
8428
31064
18862
93420
59701
88180
75994
61514
37871
58541
4762
23568
14017
94028
33482
25674
14138
279
29578
44576
37552
81435
39726
3494
49699
29979
38282
53745
87008
64053
11005
20560
50392
21168
62
8110
62867
9430
45231
82415
22421
34386
14478
21957
84165
69179
47859
68597
18063
86075
99545
53575
22221
2586
45515
51652
29289
11592
70875
14822
23231
11066
48128
52178
37870
53487
52200
36242
60313
49900
24069
14313
63019
15
39549
15468
68369
77784
51601
59327
10852
65657
22733
80420
62739
72953
46784
34600
50050
37299
80527
16188
43671
48497
82801
3689
78745
61252
98339
18995
69177
93322
9053
85292
36333
16416
28898
87600
95544
71794
13702
23540
40873
31894
65601
51655
93584
41820
22271
88061
61469
61203
51443
34482
76404
58924
29683
38217
35368
38685
58489
15640
45747
38548
69667
84713
37226
62171
79408
1934
92421
94641
29962
2056
12162
72210
25996
65898
35363
44471
49199
70260
63081
68260
74834
55682
64439
99551
1553
80415
9666
17000
93703
55638
72964
85546
30058
79803
59127
55031
89353
29063
13743
33239
72297
65563
46281
7135
8385
35431
571
76463
72267
96862
45343
18375
23285
58014
17778
80110
82458
65407
36880
62068
98640
16111
8168
35832
80285
69529
12830
16365
79041
91012
85411
47054
88585
25652
15813
6570
75078
33034
94915
66013
14089
97441
44826
45987
49716
13972
90840
9981
58338
54366
71100
75251
3415
48068
75010
9524
4412
16485
25201
64084
55008
51309
13134
8490
63413
76364
67381
62802
59584
21152
67773
81636
19919
48009
58494
15958
93466
65737
11298
15452
7052
51749
6207
69271
85426
35616
65512
4882
41234
5456
69079
25411
79479
84511
24628
69162
41611
15116
49443
21339
34638
76034
14719
66393
32266
73532
87092
18786
2724
21912
59356
68598
1368
25816
94294
68964
24936
72986
19273
49074
63539
48123
47470
80568
58874
53498
34893
74421
76145
71495
52162
21378
66921
98828
60285
19061
32871
64820
90810
26235
27533
71576
4700
82524
76682
64042
73061
33281
14623
30908
80227
9103
75801
39462
56064
65444
58216
69504
3830
13178
71364
120
51385
66613
78163
92090
35544
6985
93351
72123
82625
66759
65584
42481
32265
84363
58250
51006
33637
81123
77444
19505
12987
49799
7216
66762
84973
99604
24614
16816
12026
70412
63901
22983
81818
77437
92712
85220
47526
82693
76661
95009
53690
11681
94796
53666
49138
47427
76257
91444
9987
30200
23752
48961
11932
58947
99107
73363
80349
46048
46778
4499
14727
51055
49309
74077
27103
88097
87843
25155
89536
47626
93895
57717
11879
65697
56857
13865
12080
63592
99842
99862
99072
78689
72712
62439
40931
6125
92556
2512
87508
47309
70919
89415
51466
51153
87772
89502
22030
74006
55346
93058
41735
60709
19931
64614
73121
165
78519
62489
3247
73673
20318
974
59336
35369
47804
35201
7969
81483
7345
98605
20664
96940
62240
63927
79927
14958
59008
2375
72960
88263
74031
3302
3702
63085
79337
60953
74820
27520
27539
73108
75943
94230
47208
41039
14195
18400
56323
65039
84685
77546
95350
9849
8099
74570
26092
88080
84079
26370
68984
65500
38777
41005
50785
21564
43669
77215
81722
35834
50517
28104
41920
16283
76636
15785
12840
14037
40185
46894
85716
6618
45914
79503
47132
69748
9841
59172
64090
37719
83424
79778
75717
1770
59976
32733
8317
26825
18070
98452
99150
91960
65360
15102
15229
64566
58330
80656
99778
1560
7857
37507
62961
15124
86383
26229
11870
29559
43298
96415
1496
69119
94691
82247
37030
33803
58209
45269
20384
44609
68328
58361
12381
18824
16885
14716
79797
6178
22306
89601
41194
69481
11254
75049
2170
5339
31271
27414
53494
29155
71090
6710
77692
91155
20195
57432
92607
82001
58246
65321
38244
93693
52267
83253
75955
22075
17179
52032
78526
63208
70991
63472
33733
5628
4144
36775
13403
43141
57483
20363
14084
44258
5673
62401
10951
19807
99063
50492
31716
1576
7168
69517
49685
52540
86130
49624
3358
26686
70609
74575
56812
38476
48282
52658
41115
5446
63348
98924
28232
10711
66140
29467
31597
28962
22509
87288
40969
37842
36608
6203
35378
18248
90702
57717
43527
59885
26946
44126
29521
48426
92895
82478
70529
90303
33022
2003
27202
74729
48764
27978
61489
51222
40853
86429
60202
21541
22541
4966
13212
93606
45820
55281
21308
30986
77611
92329
21355
60798
6656
52273
88560
47814
98099
32625
15346
76444
66370
25026
22230
884
61077
25697
74992
63942
97591
52722
16888
21609
68090
66889
66598
83810
77912
75975
10957
68620
6232
26102
56812
88379
1407
20816
62821
15079
79002
98543
33482
68825
45936
3977
39696
60279
61945
85090
99544
25433
94756
66785
48862
10501
51180
63798
65586
89052
52844
31915
93680
73991
30932
27390
51747
62020
50266
31855
93
67161
4760
49479
75688
77873
42660
14621
43010
92570
67515
15438
30502
67247
53704
20006
39021
17219
50272
52217
4827
69193
53808
66120
25089
79636
64169
96852
43233
7880
65102
97420
77679
59904
71450
19211
50388
91292
11766
12070
29432
59656
77546
45337
95808
22531
50474
18066
49125
76012
11091
16161
68010
5603
50391
94994
63140
28806
61690
18564
56142
3149
20395
50383
44439
64031
67420
41600
50485
74025
85224
14133
17809
13280
53291
14895
87085
28326
98007
98340
6273
177
86307
25608
79941
99521
15049
12303
83400
24639
46647
12249
10366
30909
45822
94588
54519
33920
61052
62284
65586
35095
33294
49069
72184
23145
3117
95415
67618
53632
18111
98024
71031
95118
92781
4207
89856
96568
67079
98914
38341
59582
57989
49767
73668
67103
53110
36011
35587
92286
77314
86295
53338
63677
25681
91736
85440
56163
59063
86349
50351
60705
22673
58466
68645
51666
73319
47357
12459
38767
5453
80550
90691
98726
84543
58728
75460
75472
88734
77576
84437
3932
55473
68938
52630
41195
1105
37919
19535
79630
2931
31072
5741
67175
32957
12168
94218
98060
92266
68411
66523
84673
43615
18359
97827
86361
98387
69304
39860
5651
46787
95519
42782
25398
92495
91962
20351
37675
7937
43443
58566
54709
72330
21602
24306
41111
65033
43952
98684
92030
49675
58757
42085
3105
11210
72002
16786
15795
52595
9584
29779
45773
31432
96906
62278
76015
16815
65875
95132
67988
32914
17679
14537
19860
92966
64110
8879
81086
74412
53488
11944
6252
67777
20940
27291
73137
26815
67393
39935
79403
44475
95376
70765
84737
24688
97513
16285
11802
25766
97318
76390
37102
50846
6053
53235
27218
30107
99718
31733
67816
69516
48839
40919
60248
63795
36529
11450
27043
50318
11806
43576
53089
79601
78697
76978
40465
63890
12820
36498
2211
62788
57804
93825
16447
10783
44763
89103
80985
51933
6123
69007
3612
55533
5025
70401
29687
5864
56361
30212
34149
26670
19073
47446
58243
69189
80760
14258
33392
63701
58999
9061
26274
88037
31910
16853
67633
3807
62200
37562
73900
99183
90502
92026
12304
90590
31223
97466
72802
78229
85420
56692
89728
8980
36418
94970
10021
21478
7908
33393
55081
7632
17692
76311
93603
33018
72010
43937
26372
50803
78817
31045
98295
77565
67926
22786
70938
79430
48835
63529
12139
50428
92055
64371
63369
4597
24641
97791
93569
21181
16669
30771
7655
61803
71541
13265
1746
42240
39004
70597
54927
98025
37951
99233
81405
41642
98861
95693
15470
19062
40316
61522
76226
58804
76402
92427
22513
37049
97814
69507
80461
2708
47543
29667
5485
79326
66741
75517
65520
24364
19109
16716
39572
17354
64414
63920
32583
43033
63426
78522
34616
84533
67490
74868
12805
57592
61275
3154
70837
14266
46891
86070
98065
49465
46192
14964
53816
33713
88936
59223
62351
25358
38616
51015
27216
77409
19652
34329
54132
13306
65040
70396
49263
24066
31478
20189
64293
69593
92828
9977
14312
90604
55466
72053
53019
58045
48158
27171
4308
4760
34623
76557
91204
88011
2040
13532
52231
22111
68170
12974
3041
34685
97831
5002
70032
16656
6238
46758
38657
7401
97850
83741
41395
98229
16220
58941
20611
72981
34562
39074
36170
42796
33371
90694
32463
31076
84171
8978
49939
46473
71145
55864
9861
45670
2668
72932
12501
2675
37645
66868
87588
83511
35230
16547
54412
85036
52347
7718
7116
1998
15736
24049
10427
46972
38597
2017
12379
96751
20066
36356
33841
67304
62454
20110
14947
82923
21238
71556
78471
11673
25387
64909
50794
81182
81916
55287
84300
12502
73300
80846
30636
47025
53331
33519
69752
74303
17268
18331
4531
3441
23721
18168
4224
83726
89124
48230
72339
33008
84885
71148
43363
62173
90960
16935
81341
40934
35570
28628
95243
88921
32530
88852
70557
88986
69609
23485
71377
32074
48033
92449
4667
84692
31025
24572
46989
35998
50419
80619
20757
67951
58985
56365
2698
6849
475
64115
26375
84820
61059
23301
71263
47171
16665
10735
2317
54632
14197
21762
12658
78122
4541
7194
35033
57763
38376
96643
87077
76909
98812
22529
57439
83267
49189
57108
58226
72589
8372
53649
7566
80481
72326
64709
83050
77390
42330
66989
61743
72078
14814
1491
45541
65672
11995
57287
64004
94076
84818
23244
19859
96884
25912
41334
51825
14355
36784
28087
88569
18813
927
92486
24789
96433
37645
84674
8947
35810
18307
47925
19233
84638
12808
10890
94119
28325
6594
82057
15938
22953
20933
4072
33606
1573
97777
48490
53698
89138
31654
72116
75885
50156
93645
96164
9945
55741
9373
25890
73399
6193
31668
79225
74013
98114
87307
1495
27322
4354
91359
97123
22551
57567
61705
760
92132
95682
58224
9525
24649
45217
49845
44843
80659
3911
51127
18094
73641
37700
73876
54392
22525
67190
2938
92361
23586
98952
94491
69281
43488
74618
76231
48448
88993
56363
46652
87033
28637
84904
7825
1139
60938
72604
15465
11091
10554
27631
15630
20194
79085
68911
53984
59910
49830
24371
98847
58322
74698
36932
22387
48849
47409
47366
7469
41643
55002
67808
13032
61162
60002
55228
142
12364
27211
42560
24816
38258
20185
80881
11380
78993
21736
78690
31164
15998
44733
28947
56470
35298
57772
67906
78344
38082
16738
13623
94446
97578
68214
56828
48688
21790
57844
51809
29536
89029
30386
98618
61459
11893
58980
24842
43009
70780
84399
8459
27632
94029
56469
79128
29450
63582
18315
24776
18163
42756
51833
67066
29233
1554
50693
92821
54759
28468
2451
96246
68196
59289
96023
12877
70754
35019
20508
6332
6894
81517
61263
16139
86907
54549
79279
54363
72768
27578
37951
51901
64002
61288
54984
50143
58024
78728
50772
36102
23567
99915
60407
93763
74592
91613
83064
86942
40280
42855
45073
35003
54338
14515
17319
80520
48253
36553
55191
8913
4499
56168
29179
92918
354
90682
20381
37240
92863
58128
23854
98399
77855
62523
70179
61826
12638
54355
89797
45863
44143
78595
77756
18845
31931
92150
59313
96385
84050
62789
97749
21122
81847
41346
34563
35450
2275
13833
94169
92450
60124
27264
18455
1986
98058
36134
27050
17091
64966
70652
61199
11921
10423
71476
15504
28308
65486
11730
16431
43123
67901
34316
89522
32872
33001
51118
40423
62481
33109
44833
70487
48108
95633
39275
74732
29536
149
78272
20251
98060
66823
88034
20264
89195
48242
44510
85080
83913
61112
62150
72102
82993
69882
91600
55748
72525
28033
22012
84357
15672
59925
77157
37963
76575
21869
56081
39218
86495
43781
69068
75839
98993
62875
24172
47419
50304
95075
88300
65986
80720
35763
96054
27519
47040
58102
39039
5567
10585
99075
90242
8538
75531
36823
68213
15727
44521
16845
71252
53690
1764
55988
57138
67045
84399
82957
87716
54813
12078
77970
70290
63125
48339
4772
26445
93901
10506
95580
70224
79367
31982
47638
87494
15734
98269
96649
61589
15257
86422
75032
58039
94449
27877
90686
24461
14722
80754
85635
49642
68731
26951
76798
97122
85374
27635
89837
14066
14332
78339
67809
90779
13842
7382
19768
32352
69251
64894
51618
19220
23340
89255
59314
60903
75098
51972
37975
60736
80528
34205
62494
27803
93151
66687
79041
31561
2933
62979
51686
14747
94773
71398
71054
98749
2763
88440
91939
56752
67264
67682
7660
7338
39507
9849
27974
65234
57840
65052
86096
37235
39981
5900
70310
67477
96772
3872
149
23682
41350
85299
98694
30735
43941
19503
92738
554
68340
82292
45592
88489
51089
7522
59232
74204
67072
72779
33346
55350
75442
4214
36195
19556
67183
21081
73582
53478
16373
21095
27677
8375
90217
34879
60670
52263
94384
79924
22074
33087
65523
81447
2438
80896
21339
4458
22094
75645
18325
98063
59742
49035
66115
94698
19309
38495
14711
40375
40727
39416
20055
3083
98824
46210
50321
13108
70204
79547
56436
27110
96084
45140
48552
11915
70492
20926
12122
66583
19017
42180
82579
56964
32885
26654
17130
33961
69588
83006
17652
37048
74554
78094
54194
42917
54296
84576
57693
6929
31489
52403
51890
75117
98291
41020
35472
89448
22687
34056
79024
81357
96763
24990
92662
86144
1171
18763
74
18455
32920
60639
35100
16196
80246
2307
99894
16814
7639
62094
42534
17219
24424
21747
1947
28587
31237
76533
74152
92814
60377
16226
61076
60338
68708
19943
94053
70706
24174
56910
22078
78705
18548
69844
70693
40788
31881
63944
74529
35410
76290
62873
55030
17457
49394
62457
83370
50974
82836
87793
84417
65193
78336
77061
24846
83377
50666
35840
30212
96162
68509
21759
17322
50896
42700
91761
91052
65504
59597
54260
23862
31881
76023
5622
77019
64779
71486
87093
27458
88219
21771
89064
60447
32541
40288
17715
70301
59410
90310
74186
74455
25007
18318
8394
45618
14288
14556
38690
91685
22775
3686
11137
36781
67369
12572
62595
42215
13598
26622
41526
32604
65643
38944
96031
87935
78777
58057
48000
40206
94621
51973
97375
2321
36585
18365
37373
3934
79045
38860
2665
17485
51647
66183
60329
92390
92517
37271
27616
7173
48193
20643
44583
13142
25125
56902
68035
93016
92507
28397
24810
47660
10861
64199
90069
72257
28285
21937
33246
91546
53981
98829
20503
42542
8944
47415
88890
61412
59131
63665
55764
95747
50584
81507
28251
90341
54151
24664
77831
46039
89200
61746
78529
42427
82896
74059
40499
19871
45407
77591
7397
35379
2621
10827
68950
60273
20943
4490
1289
78041
52107
65524
76997
29072
39800
91939
51818
61992
99772
33266
6979
73487
96198
39926
50416
97636
20854
3561
40982
65697
30145
77208
41752
64804
66235
76975
72184
88125
24040
15258
1290
34135
32253
10322
64743
25210
22936
10984
89461
43307
97157
23619
10894
27366
52068
5167
84185
38502
31088
27327
98508
52510
69254
72878
38182
35310
39216
1232
42217
50883
70461
480
61488
93754
68127
52355
24104
57988
67724
17392
6968
33517
7418
27907
19894
96488
96082
76885
60240
80771
18852
79969
32854
8188
97353
83452
19217
41642
54181
58583
3598
7558
72179
54336
74750
75723
78753
76016
60723
13662
71051
39657
7607
55658
44481
44355
88699
96028
22532
19687
33983
21932
44382
75091
15738
87592
74170
7989
35640
28883
14258
97481
17980
54989
15746
22074
61858
19929
97536
66405
99985
96052
46034
48146
19357
7264
67405
83405
73786
96345
43711
47948
40897
37829
61226
77072
33453
87128
69641
2880
79112
95121
28625
73970
44320
10852
68450
90375
85605
92503
83293
89129
77682
82527
55169
65773
93041
36448
41614
65560
27207
92868
92873
52868
21363
90456
38968
62107
10059
10197
55863
35282
41255
8012
82190
66479
32461
39763
65661
50178
68281
6859
7492
55202
56630
60916
86042
56208
86510
39816
49062
38187
84958
58762
83461
5606
3447
37717
14345
67145
89617
40640
47560
97104
27396
82583
81461
41263
8843
82529
34882
78454
65745
68218
13275
12920
82495
2137
49143
84954
21022
42347
99334
69524
95279
58879
44590
54144
10458
85598
20717
13234
54164
77268
94945
83263
35928
42688
71595
95280
29862
23930
80902
22632
92026
54433
72327
25983
29143
70780
19707
78212
83612
25929
47572
48031
86224
64291
68535
3753
80237
6721
80105
76943
25110
7585
1584
19250
65748
81554
52334
87970
72963
16080
98804
47701
89731
21105
81565
43033
77234
96192
50326
74422
79530
23593
79960
86029
65257
438
72101
22366
3128
60597
52627
72161
16851
69042
20924
39312
11493
69483
59908
64311
65090
20597
35071
74218
42785
19736
68282
2964
58490
91912
95379
60917
13633
76239
64197
92052
66765
90053
14168
11783
7623
49006
42251
52977
43202
96146
41083
81164
54996
89424
92652
23523
76760
59334
24263
37253
61258
1083
59346
42037
89070
38509
70763
85301
2309
96081
15456
49511
3490
73155
49584
41217
86654
1677
96132
65791
97181
44383
52164
31966
99277
24987
4246
26266
76207
73806
88421
42202
80971
11437
79195
86792
36758
24213
39668
34737
89194
51703
29906
7246
60066
76312
87423
9497
44616
51560
1643
24326
11494
69146
3795
57645
32992
40164
70618
12807
33470
62936
38481
19822
8772
64181
39503
73963
52217
99118
9973
78503
6862
64837
94466
47609
13419
7448
20802
63851
72768
7650
13824
46764
35691
2749
85885
4524
57872
63876
129
58457
78497
20550
77101
7225
5795
89297
13074
6146
38086
92981
36041
23353
17421
62036
16003
63902
40089
25408
78943
54260
84663
37026
15708
64762
82735
96821
93583
15344
13122
75096
68866
32640
51287
60123
15986
67435
13412
37007
40935
78968
84380
47968
93345
62883
95471
91163
8368
50370
12105
35504
37463
14829
97660
89994
82424
67053
31449
81661
61366
11236
24628
73640
37858
732
7427
59885
52514
94777
77510
72074
45248
11564
15737
13508
56019
36116
35481
59022
69503
10860
22250
94800
16835
88079
30428
9502
52745
3065
41526
19729
86565
25580
34981
88312
42955
1912
19999
77332
16814
35384
41442
50934
92407
16686
92481
23638
59695
24574
54788
85142
56696
26625
58851
8691
48852
99550
59564
71690
79775
61
60237
83139
7353
36660
26813
66573
46640
34912
4274
55081
75868
99500
78994
15525
21919
55591
56974
90070
65813
5324
81934
49486
76257
74080
93505
87456
67474
46352
75805
24010
88554
76264
83553
14410
47858
27653
17869
9666
6884
71033
55150
90167
58616
85461
29123
75009
78332
15259
95218
8770
97765
5738
52888
75056
32868
55274
53518
46772
45422
80111
60523
68153
10218
61476
37719
19886
40658
59675
80800
50962
85260
52236
34607
12491
9290
99289
22902
69255
63693
60587
81149
19452
31571
16648
26187
30677
33456
8101
47966
87578
24425
63316
87694
52712
93706
86272
51781
25410
80180
56892
82187
26515
41982
98535
32725
69457
92185
9823
1706
93947
60088
28986
10555
38537
9480
9084
14468
64860
10501
34751
53844
36782
15501
15711
91980
57514
58215
22972
19781
15519
24153
12066
94781
94806
94106
41359
79258
98421
4297
19047
97280
32574
1705
63778
82447
12732
68938
33080
66626
60399
47203
50667
989
52568
72824
7387
5794
13072
95727
23761
96626
15021
54445
64475
99571
67530
55713
71322
99065
75721
82394
11755
6995
59161
60132
76136
58008
14828
47204
36972
23872
65345
70170
14152
63490
14429
38775
82691
96553
39051
9379
11203
29630
95553
2619
4114
52178
94030
11837
4546
94587
10494
22635
25862
22282
93374
51249
60106
98085
23133
91214
4509
66135
69975
26685
56177
78650
21496
74287
21493
68588
29233
28124
28218
89279
66712
96559
84756
66751
92840
216
93820
7987
98048
33675
88980
71271
10622
28132
18693
71536
24256
19337
95438
11847
45888
50285
22985
4766
54348
58424
51826
65718
92135
30033
9172
13142
16543
22764
59886
11609
93273
25552
23601
91366
23051
13653
9529
5859
67311
41598
87735
51529
65328
25832
96316
27026
11694
9248
47790
67505
60693
99340
8490
95639
13223
96431
65518
76038
3970
6542
32779
17557
3695
68505
39708
35404
2770
73730
45624
57946
78942
59021
29911
78438
8437
25371
73463
75436
84045
64438
81168
16448
63461
72993
40995
19240
24156
87561
82353
2178
98854
19067
92258
43647
23623
99105
77225
72743
40422
8747
16188
42029
73435
77119
1251
33595
5526
87034
47068
17000
84227
59589
44137
75299
22862
40527
25222
64213
18771
78439
77009
55623
44057
66863
17602
40479
29487
35137
50286
84411
26837
26426
48260
7056
76537
78126
99639
48188
3795
36841
88507
2703
54333
73138
10946
20700
32824
14101
89751
62167
74072
61339
30145
38005
5170
64031
27191
27516
95050
10247
81484
66127
30461
96617
31678
67220
93536
85131
98513
31610
61599
4543
96025
91811
81129
206
49086
9761
35253
54820
75727
9708
22164
24182
92905
57188
96613
95211
64347
83597
74182
13894
25234
87043
74062
11795
34050
25454
90180
23801
90915
62619
94724
35083
91749
83629
15815
14724
53176
64392
29385
74818
48017
87998
69237
78937
20449
17029
11439
12206
93966
72855
32924
25765
46062
52391
28788
69045
52082
21713
82311
52661
41028
69961
76997
91403
19526
10291
32660
67228
14079
63864
28533
42848
33038
72369
68678
1006
48024
47213
73612
69644
4064
31681
23252
87766
2826
4448
10273
1005
63673
30225
44418
54970
91937
33990
41827
73883
88784
90129
6070
45495
65740
40996
76004
48579
79725
18937
17548
31294
6004
88691
10837
31646
54706
38754
59145
51414
15445
53382
94636
32974
59463
28545
44270
76982
38041
24887
69505
85813
48736
75016
99694
60837
59016
67246
72669
29674
75647
33731
65994
41960
29331
80494
76215
48226
44431
61490
51666
41428
67813
85236
14346
60943
61636
60973
39809
79715
86984
62591
3995
53101
42502
21303
23804
29662
77940
25851
34761
46221
81589
6561
28115
8679
95516
81660
17762
20408
26937
23813
66205
90841
43453
55612
23233
33381
94922
55237
47000
52664
83039
16002
88043
34203
66483
21588
53309
64815
45627
90425
84761
33195
99748
53105
36363
6504
55508
6726
23499
90657
98809
91898
90187
43324
66143
34234
26063
40199
21375
26647
35120
75477
11616
45543
66503
50158
35021
8379
84975
958
99414
27336
65885
89577
24324
11490
21570
87811
36953
38409
59418
61346
71215
10663
14859
5334
39265
76717
28267
97130
42079
47879
61118
95570
43446
96820
32358
52365
15208
69956
417
69932
19147
81305
6177
81944
33541
85422
9013
50424
85385
78249
53879
23891
12583
75551
39330
31560
13693
28040
64509
93972
58021
70635
37915
2655
64987
47947
95247
28132
86372
10445
98946
47652
80967
95637
56787
84216
96335
77103
3518
83086
51809
44161
5333
9527
41325
73347
68921
5242
8180
92746
41855
47792
6523
96433
94975
8835
83152
16420
73393
9858
22276
24408
27496
30760
63004
52223
27225
39105
739
82194
31117
71099
99262
40881
81143
52704
90741
54335
43635
12581
18982
14217
16570
92147
10426
39134
99856
64629
67336
61718
47743
3367
54509
70702
34550
35711
82926
23807
31738
48583
79333
7703
71552
68872
12706
63284
16147
46076
67912
30325
10431
55017
39981
72971
77214
26416
62436
22749
84336
83627
76808
49424
36794
63856
68229
43164
27566
3481
86010
29523
20493
79751
40039
10897
64255
89743
51232
69329
84066
52701
72842
77604
67514
23793
24491
23748
37868
76646
64377
12145
99804
71689
29553
58681
91705
59480
47640
83186
28504
78216
97953
73294
83659
98665
80390
96091
23144
27424
42285
23741
43345
70188
47668
99546
80524
65860
17919
25109
28705
46788
84308
64253
40644
56687
54332
97391
5004
65022
65325
8912
19287
68643
82422
55736
43839
13674
97423
83165
62994
69614
52444
30637
13735
17906
60183
98973
33328
40660
52179
66477
29968
764
9340
10363
80270
25296
53847
7141
80221
44641
45712
9477
43049
76218
94404
1130
87202
45386
33892
70696
20263
95998
49014
14651
48289
26008
15379
38028
15855
94904
83395
8951
65994
98912
74242
13339
57573
65345
72962
87734
71927
36023
4947
75598
60799
67780
45349
95837
45962
20320
33297
61243
51856
39258
58127
29669
97987
64938
90422
72519
97371
42482
4762
56342
61751
4204
490
89262
51482
78399
27903
72644
44226
45217
17114
65712
13595
1168
12648
95531
26036
72263
30829
48060
18144
2599
96188
94972
72979
79947
97785
90268
28995
46515
47887
12605
31004
78635
60547
50927
50994
65007
90979
71228
38769
48023
90968