32974
86618
57124
58363
56195
52228
77041
88169
3167
22297
16738
91290
89487
84415
23031
77353
27944
83054
63549
35519
68826
79175
80827
98803
53475
41746
28453
84121
65860
83477
80562
77877
10992
99782
93199
39797
3061
12754
29408
5860
88435
88460
78914
9447
22415
5333
80468
22842
73294
30812
17214
41211
45898
41528
10113
75088
22854
70500
22888
16443
63934
87703
84333
46299
36012
22271
64548
19878
36652
46680
46161
66371
82229
97275
69417
23139
87990
16896
31461
11923
64495
44926
31964
30250
43684
62503
46459
23003
42659
7007
32951
82913
29836
39259
66028
10943
27234
20761
49627
45843
29546
25620
9640
6833
39335
4928
87434
80903
11219
80444
66508
80261
7776
31473
68004
50994
55402
85570
97267
32019
19257
53523
70483
34812
47087
4006
70693
92876
91157
65104
16813
88218
82618
80220
66437
9422
71069
31224
5623
43489
21383
20402
79273
89635
82268
81943
3143
21047
65568
58051
71561
56655
9466
36900
77430
27965
78358
10822
76077
40016
17068
38291
41510
59622
54262
85058
8210
18196
57004
69653
57916
59985
34641
91733
95561
2499
38947
36869
12863
76854
82196
55166
8990
46077
9775
63504
29917
14774
80218
97634
16500
12909
15592
20566
30013
29398
14573
73026
67688
60292
23068
65307
5437
28509
72772
9522
27884
64465
5173
66406
16435
23256
19049
17906
70328
75813
30554
96058
33329
45739
48070
52796
41912
84641
52261
5242
71825
32422
46861
68742
79612
63829
18456
94016
29849
62910
77518
7877
69049
98406
24235
1095
13790
65490
27399
68704
38016
36548
48085
8553
52339
80236
38409
24597
75831
10840
74643
64977
40179
36319
77951
45240
48735
69668
1589
38127
12468
92194
44751
48817
71367
54649
42417
46795
39076
58197
89264
93397
44735
60000
20111
99198
67139
45504
49418
49408
47104
32308
60897
89980
1172
43698
57250
73752
22585
44415
4393
1856
70209
25838
32611
66553
18882
39320
10808
55994
68105
91251
87205
11171
74835
13172
15436
17219
84990
84647
54600
90846
24259
93284
55005
5749
88012
13737
16653
5707
60225
48434
15350
85198
15251
43818
18591
75172
80077
57148
24590
91861
91824
46672
11949
14635
33550
11091
51013
3399
30732
5744
1583
63847
89338
84586
62865
79161
14132
84803
68964
19285
48035
38696
65215
13116
41132
10446
4562
54682
16141
13539
18260
594
99740
26292
82547
12926
97304
97853
84367
75109
79786
80576
65916
92769
40063
45740
84961
18866
86802
42147
97834
60294
74136
45112
31862
53679
4425
27923
5353
62717
79194
40676
91988
14043
99664
70841
27511
77961
84276
88034
9423
88914
99929
9784
38739
11536
88008
98951
20862
69687
2916
45179
24216
62316
1824
32711
36825
90319
49978
12624
57975
53889
90181
37876
80344
77000
54274
23932
67147
54208
12555
85311
90195
2839
17532
80828
27163
65810
19287
40956
9266
8437
47459
98880
20828
90781
61433
37459
2417
24453
24298
23435
28085
50695
39010
49037
22019
71200
96062
99035
88982
94527
81258
34152
18559
1507
56272
98188
63892
22150
97453
49210
83283
29009
79971
83866
66320
92282
45848
54818
80504
26263
72159
38252
14176
95761
77397
60485
20278
40467
88689
19841
75041
98114
81556
47849
42134
41704
3171
24794
90422
28564
54007
69749
65417
23225
2930
13420
64367
47109
72176
54766
90586
84665
35763
79285
60386
56931
4903
24629
60713
4068
38538
39692
90165
58757
10118
88307
32123
57012
12891
51763
45226
24605
24787
44083
44978
51441
30188
84422
63333
92684
95510
86837
73214
74799
40391
755
54165
65261
96468
400
21671
87850
49793
39140
14218
63875
80561
41590
40920
40953
18031
18741
75912
48450
13802
42187
37268
70577
18737
3956
50570
56007
46412
81393
23468
70757
5576
99434
55130
77891
6812
19239
77570
67540
48282
1228
31947
38612
46670
83826
53722
83629
10614
91357
20555
82881
54393
34768
65514
57285
72801
77434
47289
70119
41278
21598
15391
97424
70588
8022
35037
16364
85516
2091
34447
2081
5484
84853
51546
71827
48266
92091
34575
40542
14949
29459
79967
85480
68854
96650
5572
30357
2675
40027
37469
88641
43394
66592
88957
181
56744
29176
3796
27697
28989
53631
62183
27483
65878
19354
98858
61115
3851
94368
9452
42828
36629
64980
18723
69302
28859
91348
79170
74700
52639
56143
28787
96149
33962
12785
99550
69955
36865
63085
65074
26181
36945
58379
77756
11788
19459
31438
82614
34533
32258
67709
23465
67119
77051
45496
13710
67105
6623
45850
95437
31211
63480
49368
61565
6314
32940
28942
12968
18446
31431
8810
41824
27456
58664
78235
40801
84959
73352
66454
45611
92986
49444
16723
98387
43968
46968
95248
44668
96004
1139
56529
8103
21947
69399
40591
5001
61118
66352
65954
22537
76094
90368
24172
79925
49577
830
62383
47394
79640
39006
99512
76704
255
99902
60807
526
97258
72535
63329
46456
87753
63394
26026
26361
79628
77807
42339
52539
56815
9786
33232
90675
15266
61420
34361
47697
73847
77268
46858
21962
88012
32953
50058
39081
969
68990
71650
48594
56677
45468
20543
79436
29616
87328
4450
26533
2935
22818
27119
11265
42182
74869
51078
16960
26234
5761
45706
59287
41567
58382
57113
76978
18956
74669
88553
50657
15955
89680
36611
79758
53539
39714
39729
72967
8847
55962
75656
78927
25130
54777
70419
87915
30772
15452
37242
76419
10589
62922
54740
6586
99174
30129
63022
72632
34505
53029
6862
24411
41224
57153
73782
43998
87799
90012
97078
30592
87928
35807
37735
65057
8351
20956
29154
6069
8740
60934
62211
63937
40265
51198
37587
65594
3764
31244
9626
57843
49300
53819
60314
6204
75367
65384
95800
13883
59081
49938
56405
28658
67805
33091
56867
92570
7191
75180
50374
86883
36995
46091
75697
5269
19241
25845
39494
98740
92700
75646
85551
91752
92219
58954
75953
56963
64998
71947
55209
19345
79977
8258
36110
9641
3080
11861
5204
39332
70120
56075
2150
81752
18735
22927
65767
74249
54012
32854
66235
51395
53304
86017
8176
59006
75548
17318
40665
91046
21306
26541
40148
76802
96589
28404
89057
44222
91612
6089
86974
67366
87374
57645
98652
6637
31167
81126
97442
40087
89639
77326
44374
33364
84736
89220
95914
25157
48159
2531
60593
8627
85889
95274
49965
49500
27581
9850
16239
988
21439
66049
7295
31345
42199
20947
202
44114
69965
83885
46322
79823
92088
14198
55832
5316
49954
75614
9280
76279
3713
76976
44520
23195
62901
31034
22732
9533
32255
5903
80467
48800
3526
16979
23246
27668
45730
77901
70339
7007
35037
66744
78928
55048
96913
39606
93513
74873
54310
69020
73992
67505
1227
52486
62524
67472
60922
38176
11432
30368
65076
82763
2806
50148
45545
51157
70296
18089
16291
52857
94312
72904
53476
78490
93722
24906
90265
92995
69289
48539
7399
28469
29956
63767
28256
9697
1366
58254
31915
17605
52795
17615
68379
35868
51170
9239
46534
5513
22469
16220
64617
90743
17741
15807
73721
45212
20602
32109
98076
52292
14211
95309
75921
49900
21516
84113
20964
64150
83856
77481
28942
14979
12084
12809
74889
27646
10312
14591
44184
36394
27393
70495
36766
12663
89033
45261
7810
54951
28504
84587
31757
12256
88415
51576
50193
16195
93688
3135
78231
45886
39943
3268
35319
1525
36798
80098
950
21303
74047
22881
76138
38636
15880
43219
78457
16482
45200
9572
9332
65435
68012
34156
80073
4634
701
40053
52636
60221
35158
29803
39721
94809
33049
86005
42485
21835
77063
25587
67747
42052
65439
21525
25250
27690
52089
79274
53196
51270
87308
20575
33989
97194
24626
24369
14110
76944
29986
58432
43634
48316
62562
2431
99081
65601
29511
53815
10998
20058
38048
50735
94620
6436
67356
28926
13616
87147
39084
31982
54649
3599
39289
21480
24749
34194
30018
28138
33071
89005
25818
91375
80781
87882
6817
24074
61206
36064
50682
52606
26768
80507
41028
81800
87822
85167
77437
27581
19070
20555
75475
13100
78145
58638
63878
66321
77768
5134
44027
7265
87686
23049
17179
21000
6989
45461
91071
85415
34329
97856
35447
51182
21946
58217
15701
48384
97583
40414
50746
13041
27920
80780
37673
65181
42866
43956
20732
10406
3911
2634
5983
59606
83121
57454
97054
27528
26366
85034
37104
89775
86070
68067
88793
21702
17916
46384
78362
91107
88937
52560
33035
13933
78586
29026
3659
67972
77310
25987
66680
44918
77366
86081
15876
39948
16381
94698
71201
1302
59550
11835
13862
89677
76168
79047
1966
62209
48484
22514
61321
73496
23993
47713
61336
26654
40176
17108
51996
65942
77822
70216
94995
27347
20744
77251
91175
54435
12466
20615
36823
70717
15325
1606
88951
48959
35693
74161
86799
20144
39178
86595
32874
92110
96580
74335
16852
55012
17608
66941
56534
34586
30637
7921
54799
8118
88979
63076
42524
10608
417
3391
75877
2363
88171
67563
96021
95137
59292
86792
38722
52516
43691
92446
26301
37341
75378
63166
81295
5298
64421
53019
4675
17162
43126
58252
49397
95659
86948
37945
89662
60303
73371
80472
47096
26844
62311
8465
18575
1072
10219
65639
92731
81295
58241
17388
66070
73519
91238
29153
55240
91063
98575
19026
32224
90274
71092
99778
92703
99391
61347
23874
69430
83356
4754
55931
12981
5609
4525
5051
93911
20853
94811
21325
6733
68018
92577
10176
44159
38062
15214
46196
77583
49451
22123
36217
45019
16451
96537
24493
41720
35737
342
53385
93498
60762
2075
11963
55397
13059
65301
47004
39441
81907
72170
15394
50554
72116
85464
1832
35146
25425
88992
37918
50218
52259
34806
52393
80180
48761
22585
99280
34443
91367
58012
96097
44661
53957
5870
79147
94723
73398
93568
50732
11579
15914
44563
40098
598
76201
99579
5588
25075
82749
50042
2690
11926
53985
4013
14534
29084
80826
31942
32409
98438
91041
23230
64492
96854
72414
88673
64982
97165
46958
4919
91859
15962
79495
22567
93098
50686
87526
24613
71601
63828
84282
98392
8140
94050
89892
18248
54724
47859
92379
28246
21757
43862
55090
95138
71905
86100
44710
16314
61469
27891
55672
37985
76694
93824
95818
91205
41367
14300
86058
20544
93349
71236
65500
54698
47248
12286
4361
98529
16848
36151
30999
91709
20798
53793
39785
937
19562
55817
558
75206
54675
16724
18408
88555
56876
54818
92984
21407
61417
24425
92460
90899
39190
26662
60554
45284
33158
22624
43391
15050
12188
46181
85487
66788
4243
62596
20275
3954
11003
88001
77070
28636
1208
43321
66092
62377
69276
82073
6879
24551
515
61313
94107
59223
80631
41665
77089
86914
86700
30905
18352
5606
344
40730
10447
66272
43400
17079
88074
1052
3156
59172
66508
30557
25623
78206
22315
92706
50885
40883
8400
90715
33566
23731
12772
17093
31713
14503
19387
23422
31163
61108
92328
74549
12664
3569
13699
24831
99846
95946
19678
35888
39132
85775
41125
44767
80177
92133
90140
81105
19099
54028
84153
46276
33840
17844
63867
84407
65864
81019
433
83605
2013
94204
11499
12563
80738
96832
47744
42176
41522
44335
30636
65463
20459
67416
60941
90392
56210
5358
42984
57706
19447
93724
11837
78177
15629
85788
31042
28603
84035
1992
96397
82240
78951
95997
32695
87757
67412
92724
72233
46240
62662
70224
67012
57692
43849
29022
67535
41138
93200
23664
82619
20123
50909
58037
55025
36668
14850
68094
6135
19485
68702
18501
73075
89638
50496
96312
18043
49355
52872
63739
39690
70453
27299
35580
14918
96924
90272
86151
8042
85851
58354
2426
95229
20833
66523
59292
26845
77492
26105
98457
85132
17038
15569
99589
33626
13825
66630
70187
87456
27058
67668
78160
12267
68483
42407
71612
13864
59900
39263
49293
9731
66023
69198
73673
28448
14036
13923
55180
26390
69322
79654
32738
51098
11164
23004
60953
90689
1098
11081
23139
39125
73668
76890
88413
4594
90011
61991
48953
74740
95013
8485
30827
33258
29847
20053
16884
66556
3687
66665
99456
509
2854
83483
64983
64350
48478
30567
70526
2496
88732
2284
53301
45468
96874
26780
5375
88994
44617
73433
79330
96710
84373
26535
97124
80961
94536
87403
2358
34994
81319
29168
52563
34806
77655
94752
35218
78558
21619
44182
10435
62475
41988
35066
79347
71052
25626
53803
28365
45674
59745
30806
5671
34888
24786
7713
55998
46112
16168
27956
1370
63199
31070
7092
87787
70027
4750
70504
68722
63954
67304
92671
32967
43038
7431
99937
22649
70370
24716
89589
12779
92093
85754
21034
96717
4531
21480
72193
25078
37986
75142
85044
80466
37106
98211
25740
48661
34917
56530
79004
41218
38951
9898
87498
86394
88483
80113
4881
40679
67164
19465
57588
12507
76942
32838
85637
90180
90247
39266
21935
6927
44616
4036
65417
25092
74097
20218
23838
73820
72347
16598
69880
35392
87927
51383
50057
91857
56141
4682
61901
61845
89656
63447
43955
47574
81968
65393
63352
930
57122
44579
90825
39870
90712
5125
91575
56046
38733
27395
17882
99792
40289
61468
98239
50013
73566
76684
45406
82183
51939
4024
71946
11252
95543
93247
97986
54334
80470
17197
38195
58862
68569
5404
38912
11442
50484
53003
74378
11170
89170
15213
40168
10813
5912
7996
74073
48271
68220
47998
77669
31794
77159
44506
84798
33244
9233
48992
32628
69484
49625
91833
36680
78670
46971
99752
72292
83875
21523
57784
62500
84973
89761
53607
88087
73692
49506
27094
50736
22182
9727
14193
42820
1702
93920
85895
76744
92195
37262
72881
75935
69137
19348
54098
13270
73175
21026
40928
35691
2455
85783
39742
24095
66038
71080
82506
17533
83072
42808
10509
27019
20075
42845
36601
40703
6512
45314
9569
3727
13636
98710
15745
56482
52917
57069
9338
51412
55390
34416
19624
22096
24760
17777
70325
10501
43241
32981
58507
83852
5173
89411
52035
5052
53968
42087
21278
71290
83465
19114
59393
54147
3697
53603
54347
47882
16952
72883
99317
71205
32108
49945
88830
17771
68894
57151
42076
86161
5883
52590
14122
43182
26489
91148
14074
46522
84431
73276
23198
34943
25431
97702
32150
88385
33627
72632
99597
50145
48154
89644
78141
98847
37937
86126
18753
99654
33493
15194
38146
53312
63944
51089
72280
47305
961
75504
45504
15157
6244
7002
48434
76556
88548
13044
31297
9531
81071
41527
22947
1195
25881
90968
67195
30798
6899
42392
82274
97350
45717
75705
37058
36733
57065
93592
35745
93010
14987
82117
33919
28160
84721
75805
92673
46387
4891
19576
34660
7004
43770
98941
80312
6922
97926
81959
59025
66274
5511
50924
46792
26820
86143
67823
55508
15757
46154
14290
68315
95283
25014
43624
31472
82512
87434
4105
75326
36527
15180
63772
35019
92239
35833
8550
73053
88441
18305
90498
31319
51254
5646
41323
13159
95749
22062
16036
38227
55098
33795
48704
71972
83223
97091
40280
30744
1436
12686
17843
81477
34062
80980
65345
34879
38315
46658
78927
72956
42093
86342
85569
91881
10100
58102
1807
10579
53968
44552
52388
86141
34909
59324
15204
64344
31894
27361
27790
39108
41031
6851
97472
24839
10383
18478
479
99328
75316
96506
2253
37595
21621
75640
60782
84325
76397
96189
76100
17568
89515
10826
22123
86490
5654
87218
81349
5780
71586
58739
87634
59104
95456
65717
72461
82095
28032
79082
80995
6721
33017
62747
36467
11252
17647
57474
45410
73855
13833
32296
36837
79155
87930
1577
20645
75048
3390
62396
16287
78759
59572
23971
29729
99364
5339
85422
59560
63750
64481
37355
19975
45459
92288
28012
1752
95083
12892
39951
57134
60844
83818
59964
26964
26679
79556
33561
53374
95709
19894
13370
45033
97772
63534
31449
68790
37841
78108
51402
14741
65546
40366
94727
87181
27619
30426
20832
70831
1594
12445
76752
94202
59611
79036
72541
91703
35340
57105
91871
14187
57244
48088
59948
14047
32699
81118
78912
6593
29255
87174
63401
32093
31424
22541
57452
79048
3817
1739
16027
93380
9129
41654
49595
99618
59145
38762
9556
59760
87386
42225
29102
83995
95386
58172
75164
24912
85986
58113
93666
64437
54480
72155
36792
3601
17126
83181
10343
39529
29962
80761
28395
30304
53828
26215
63521
98993
90303
3319
42544
41177
21347
58206
63985
64234
81832
13628
86482
6364
16516
48362
99283
92169
41898
97455
38280
36734
99802
14303
81423
18613
82690
90661
27323
91845
10248
96185
83553
41562
31887
71150
11730
71171
69454
62380
85696
14568
50494
399
94734
63933
69877
86815
25492
73658
75142
66806
9950
37297
27492
55880
76960
27214
8444
21013
99655
38
90077
43966
36654
6676
65630
77133
37279
30288
48216
19463
86557
70442
31312
11934
92828
31603
53310
31843
64895
69375
3156
84896
40439
2979
89774
99889
51408
95854
85547
75666
66167
31538
64568
73029
13971
30841
11081
27001
10103
89412
53043
34038
75536
38039
78506
19911
51333
83194
87130
87690
57569
59043
82725
73559
27876
33990
69848
45145
60493
47893
2905
96577
99414
55244
88792
94941
13054
90041
81728
43848
2199
97239
57504
28065
96181
33197
26012
97615
75627
58294
59397
2707
79387
12648
31303
64563
69428
30713
2171
27224
61383
56363
26044
28941
59842
1719
35778
25178
8406
20392
99611
94523
7173
16122
66791
51162
97921
76539
37045
22208
31661
85371
29374
12763
77582
54224
65297
13531
45135
90307
65880
62582
58054
38476
3393
56933
24740
1578
65630
11493
27322
29436
59613
95491
27802
96461
28132
74739
82463
97837
7360
31068
46877
16308
42978
95369
51936
70354
50368
72587
70317
26211
95782
25610
12107
24773
39838
66724
53876
51642
48152
59003
24234
98447
55008
1281
73017
25565
14969
72049
93719
48320
57808
84812
31737
4484
44847
70740
9175
33676
68247
79816
59904
93470
79144
99680
89405
70528
14905
949
11543
49309
97823
97280
6960
65281
43280
33320
42279
3831
44130
17634
14839
36294
56066
44890
4023
72847
64251
82983
14436
60704
33315
32611
58133
52697
23135
47639
37333
52879
63531
98673
96232
44445
33234
95347
44680
85294
17634
60074
52143
58680
40279
20756
39235
78917
3984
49673
53261
24102
70880
44875
78958
73912
58935
30462
59866
38588
25158
25414
86839
67887
4551
77086
45967
78843
19667
29450
28986
48995
78048
13264
71816
65597
15773
44885
80781
8761
19198
94166
79758
9179
15804
29699
79211
46280
83138
45886
42313
10879
20839
13489
32048
40275
59447
79666
98198
80272
30284
49355
12188
74324
21615
45743
84961
53583
3222
80997
77020
82447
62287
57197
2809
98052
34168
41634
67758
25481
42542
58972
26777
80002
8605
16529
42034
15939
14420
66846
57984
53511
25656
38011
90486
31041
728
40929
17521
90102
99037
48898
1943
83041
12802
24835
66466
5479
35519
23924
15814
20683
10265
39996
31905
62185
86243
53298
8723
18767
34073
95034
76503
35781
4813
39726
66484
55017
55194
20183
99073
52401
54835
65389
9239
45725
62322
97365
15994
34613
46440
64369
55877
17131
39521
32984
21303
89151
95375
15600
71229
25927
70011
48351
52891
79394
80600
430
51509
82413
51196
95092
74579
56015
50782
41818
15701
63453
9409
79230
34305
52661
69158
37546
45648
22661
88548
7192
36186
33726
33613
71067
78283
36357
74711
12934
56399
48291
26373
17268
15059
35856
98736
38689
83838
76731
80504
73254
95520
53456
4286
6062
17402
38923
72180
33427
98809
58206
5429
19896
90531
42701
29234
79613
27988
65279
45407
32028
20295
1514
86937
70506
42486
61442
78839
41699
77898
89091
99918
38943
30661
21154
28381
58652
7432
94241
68731
7661
2445
63705
36407
27292
64568
18413
48872
31066
96713
83189
73939
45284
64645
83388
91565
74604
30875
83846
9375
20192
59267
76198
87064
8834
44963
44493
81221
48557
71704
26318
72786
31341
8840
22927
2846
34907
18875
30857
59484
37723
47659
63135
69800
93603
89017
27478
3741
64626
20854
55514
6580
73048
30594
55588
57837
24889
75327
75399
99799
83595
23503
28458
17626
25374
6177
84745
21329
71664
69130
89151
60234
32653
37877
79166
24166
42632
43690
87873
3463
52284
98677
4528
32245
84373
30529
6840
84152
56401
47924
35096
52787
51553
52959
35082
97155
76334
40557
98519
87783
66029
90302
31673
46635
72022
54961
64955
73687
72940
71646
71161
45122
38185
45991
22140
72810
26418
20860
87126
25364
26695
48346
87678
79714
45586
74259
60027
4129
17322
69682
512
79103
26395
98022
2896
27449
69376
9562
53489
80046
22123
70894
94631
2821
7624
49073
84540
58588
40961
97309
31313
36358
23965
84531
1490
77445
70739
63192
61173
68768
26098
50635
99449
40011
12772
92806
53906
90847
12138
51575
828
91656
84840
71004
61789
98456
29188
25518
27262
48325
91721
93400
62006
55709
12717
7358
76603
3318
27705
26772
15911
13888
8618
66998
22343
84636
20683
8107
11208
79217
63888
15498
77973
6976
25166
98456
80135
66858
85476
85098
25657
16885
7305
3642
20183
41797
74516
17948
88683
39435
39488
37617
77799
56142
54711
78382
24481
10106
74835
70768
40044
23064
52549
8336
12964
32164
65021
84027
64147
81895
86896
29188
20562
36108
90521
23873
66104
12768
10465
94222
10495
64896
50359
13951
64378
20877
63169
87152
50630
38659
58366
42096
27614
4241
76584
15523
60983
9325
34390
31634
38412
73768
71170
41350
33124
31831
69178
80321
53745
7494
21840
4015
82736
73896
36098
83561
10084
12734
8980
76502
14506
1626
94827
82300
15060
28000
68240
15252
88590
38528
71001
72829
67239
7897
14228
72336
34914
76617
54576
88613
7265
17849
3128
99256
82891
41648
51284
13194
72103
36443
84113
46329
85483
28026
46994
95629
71233
67013
82860
309
73542
1709
77779
82470
15678
92188
725
73226
36775
95981
70018
14566
35384
11882
34961
30295
35039
45764
15321
55682
79307
91668
8022
95030
10608
85928
83001
62395
566
85073
50430
62578
81158
52001
93815
71813
61626
37880
41993
49374
72270
50326
19318
48049
92613
9627
73658
96358
89339
74495
97926
87937
38775
88357
59028
96163
29972
64117
32215
81044
32407
45191
40466
58871
20695
6449
50199
48616
90441
38730
13439
77329
39765
80466
36963
77187
49726
12068
72859
5762
88207
335
19340
9124
78807
43221
44755
35740
95585
72360
2656
73692
32764
83877
66054
33596
14969
13775
39740
87299
80371
34956
40090
4490
73149
73835
43973
54807
6964
80621
30420
20402
89921
88590
649
85565
78867
68509
98931
26286
6578
3960
24428
71432
69038
68530
98514
61168
53520
69654
44404
32912
33392
26451
53985
99318
78312
44670
67173
56955
97758
49340
40731
72253
23061
2333
53947
40054
32644
62596
56294
77153
35090
65448
5608
10259
27969
49042
69998
96110
32841
75583
4489
97373
37808
8170
74464
92929
43042
76432
76900
3467
7819
30100
26839
18891
87453
46350
71760
67886
26627
35972
65498
31011
51359
87486
60786
78590
95771
93829
71253
98923
20565
59856
77635
48888
7113
76618
54808
17390
60852
842
56383
2156
16030
17227
26628
77973
27034
1695
70165
94904
5630
32448
57601
53041
12369
64297
63256
93988
1419
82564
93498
6787
25422
3379
39196
18909
99964
95780
63779
85842
65647
8837
79199
71767
13630
65412
33881
96231
23484
87533
45838
47166
76186
14306
24758
10816
93168
70489
86356
10894
54502
32700
96706
1281
34966
25348
90055
2547
2113
32629
49889
44221
54330
21809
94778
99915
84918
55429
12893
73797
8544
49516
95571
5527
69526
62207
30352
96905
47128
47241
77568
60253
79789
63803
83853
85143
96021
33031
38611
83520
11453
66439
55947
56527
29617
91084
16366
46794
5938
16024
17070
83736
7044
30355
16567
67142
57009
4045
40649
48413
71502
81896
88676
2882
45356
16123
4002
83707
72404
99800
27148
39939
7070
82175
22926
57910
87610
26385
9630
84902
82385
61735
20710
1070
253
99397
97937
75395
97156
22899
53547
52273
13014
17095
63608
70919
68563
57052
9662
47279
38407
17992
20826
67217
83229
70610
54367
15057
84749
40963
6620
99672
65090
11238
2868
27315
40626
16956
71327
52399
33294
5870
6556
63213
5416
98611
32030
16438
6772
81017
68198
10307
67080
86724
95373
77242
30675
2983
48328
56194
48698
17874
29765
71133
41085
90198
60938
44035
83069
40225
12869
50263
75768
46116
43065
55587
72384
34672
71162
37654
61034
18093
85295
15917
6622
69275
19804
81948
33241
14665
99227
343
72410
86622
38818
12304
42009
66931
85780
55658
7428
39632
961
93459
53240
16658
8227
23103
77278
93535
27468
34418
4767
81069
61302
97388
54009
45070
71575
53864
70981
77683
6249
14323
99858
37622
22440
78515
53143
77222
73300
7506
60730
15009
61236
87833
44021
18432
44368
99390
72754
27340
37850
2639
71779
92065
65862
95110
3945
34592
62093
45267
14643
29999
89868
85589
19560
38147
79608
8440
81293
52792
37858
64315
97936
64445
32391
92887
83137
31287
49246
31372
14191
3199
90113
18333
9815
20057
18289
78293
97468
29167
23071
41475
76613
59006
79167
93225
50514
54022
36157
23794
1434
61582
77417
42118
10840
38661
8550
28901
26335
65451
18486
63632
86820
22470
10837
30113
91336
28254
23832
90963
51380
6670
27012
97762
49311
99692
40630
74944
56303
47981
95253
51813
72089
5735
60807
47849
27875
63821
54380
28021
24036
64307
94234
58675
25179
44286
92824
28640
21024
59705
11809
13504
36152
89878
61524
7673
51696
71107
22818
90763
17184
85322
43101
98661
48178
96387
6621
17633
75225
68601
32966
59421
31738
94060
98054
67487
95423
29742
18164
55524
62320
22494
34374
34814
23901
71799
51476
263
18764
87794
93298
1343
79606
20250
20243
13734
48096
65078
26516
34425
4804
18512
95721
62916
22610
87444
12547
92063
49175
14689
45184
34292
89015
28149
22296
16788
24969
5693
85562
8472
76357
78695
23106
51553
20302
29100
36117
30978
42435
56832
92065
79600
95815
92796
24282
47141
7023
50
3243
9821
75309
2993
60915
33687
92855
82628
38202
45777
74707
79278
81146
20495
54406
52280
71941
22708
39712
35853
85410
96105
98817
98032
46372
46973
88128
33428
30076
16465
32926
11365
56930
40920
76900
76215
99840
35224
68778
46573
71237
90939
24769
25900
80897
51642
81050
88906
2174
38164
31842
39696
54338
36609
39933
90950
10336
57098
30810
60717
97586
89133
47986
46273
59933
18050
19304
52421
95180
71926
6667
96971
2923
52138
52792
73105
60803
71497
60969
37604
64896
91677
82476
26415
21040
42936
17914
32403
75149
54859
42518
74832
56446
26006
5587
65374
63701
81707
55902
46142
84019
84872
75215
43507
44865
80269
66542
41010
20630
7380
9532
30023
76851
88211
72779
61014
89073
91931
24465
54752
63286
2265
85708
39569
94136
18737
22012
21586
75024
11126
44744
19999
1368
26600
45730
23717
31071
77072
54163
22878
56033
8649
64752
46038
61871
29900
41010
24125
86466
22879
49552
87053
16209
16601
97027
82568
81337
49009
67944
13565
78323
58458
24382
90028
25187
95955
85486
45072
41642
78515
30983
54977
16196
26331
10899
29934
44747
62277
57068
97946
61213
13368
8912
8318
11515
86812
89286
64595
7228
42516
41766
9493
87256
88061
47679
50889
45431
83307
81776
92620
90448
67331
94061
87737
3134
50258
98518
12759
76267
48854
96980
74314
87179
98017
67231
99991
17385
66543
9329
47159
28689
19216
5821
30913
79555
34773
73455
92681
181
57788
3798
17527
6446
42548
48492
20071
14370
19812
44199
39843
54838
76615
28076
94232
64254
39993
2049
86080
5225
20980
78064
31624
3753
10108
77828
36108
66718
2065
51711
71929
5720
39884
15196
6666
18082
80194
46222
45038
16121
37357
16945
45977
33491
80105
53340
38926
61708
12589
18090
93888
83272
77754
49545
76807
15467
96212
5312
32265
74347
48316
99125
11127
17894
55628
34627
1318
28766
74675
95651
41922
66367
8965
82447
14023
21032
18229
96806
53715
65323
95072
36313
93782
6064
69545
89115
30916
54604
68051
45745
36821
93241
36873
69510
43259
78455
2421
26847
2866
21714
7408
64721
70160
10820
52091
6264
8854
98773
20162
529
87197
98936
26479
24554
67521
97207
5480
15705
6382
30688
95841
36827
45227
251
61225
31256
93138
93664
54270
28915
35107
28699
77068
19443
56810
89944
40319
57290
36165
96554
71447
44781
1319
62688
49572
4828
4827
64841
5633
61514
26624
81937
78362
4224
53039
49376
91296
30851
59453
21569
67561
12719
30513
63197
66894
90430
2096
34971
16138
79706
17705
72138
93387
93454
98213
69687
99133
39963
95668
42151
26509
69426
91956
73146
7329
92958
107
62634
78744
63879
5026
98536
12332
17892
84120
49166
92203
79675
66262
67477
62378
64664
38573
57754
25382
14354
8053
96583
52180
86590
47913
3563
90862
81581
46216
93882
36683
30290
81806
84344
59969
36623
26075
95714
67231
67141
76187
78911
95572
87742
65394
21616
6906
53420
7558
31428
41565
91707
77400
9807
41573
47986
82908
51068
81466
14456
81808
5883
64067
28186
88598
77918
1692
83456
65629
99092
82911
98229
48966
40088
918
42781
97129
77857
17717
41365
66132
73451
34794
95780
98550
39554
85658
85614
59643
83448
58275
46706
74951
92508
95398
42883
19564
20226
21785
90112
66901
92600
34092
84607
3568
24586
66540
66587
21858
76688
25875
70407
79702
76611
27678
18782
39627
13034
38974
95243
74213
18685
5222
44010
42874
43662
47375
8453
58590
72521
92855
55840
88236
73967
92205
71272
92991
34228
89807
22064
36340
88436
91313
57827
49156
77887
14745
86107
1989
99178
887
41098
14293
37844
3878
56621
22957
95731
85699
96911
59473
49913
87912
29974
10495
69576
6136
19990
72937
81264
8382
14054
87620
21571
413
37964
20877
23058
48232
90273
69122
37677
59335
61422
23782
69622
39522
9891
22323
10106
85077
5495
31816
50389
31516
22723
39118
55030
72443
6231
80987
67889
21564
53517
66543
40796
39643
37932
51762
92496
84614
10618
73662
33336
79823
50615
95558
14607
53098
16472
36304
87677
39096
83599
66365
57920
60584
67169
93280
36817
12522
41665
91100
20981
3688
72245
23227
4035
156
83713
29554
95488
83861
85747
67022
77133
85750
15151
11954
52515
86186
90348
64807
96948
89900
71151
1844
38868
92195
74116
93441
86408
43945
7356
80651
54196
46268
57152
59167
7684
8779
14868
29060
92458
18031
84978
49843
41226
17356
10377
66553
51161
31635
74842
60950
86001
18499
47208
12050
1811
29016
97816
97951
93162
46651
22970
13325
86979
37434
81751
35699
30767
59155
73111
30794
97710
37747
98524
36830
27647
32412
22355
475
43010
78749
16552
67741
33333
87893
12928
47710
90448
6340
66844
32306
77921
99877
75388
70585
99020
72618
100
25919
45323
17690
80287
74231
91
26323
44154
37163
99912
74212
1132
69235
6260
95567
49190
26389
84686
68232
38474
39519
29829
36947
5740
47872
7978
44794
26230
50526
33460
94483
12632
56932
93193
25920
97674
39399
54269
18024
63806
77331
88759
46072
93433
28081
89622
81403
3534
1918
17499
30859
59887
92635
65429
42855
51316
24192
40097
39326
18623
41389
45493
81160
75893
48146
31923
37785
78772
97302
94462
48970
40748
15746
67354
37681
19326
47771
79898
81710
32482
45990
24017
69689
56734
64918
98091
94860
70587
35501
65762
85344
56318
70405
7754
16935
42120
75569
28528
89889
37943
95424
80260
83426
16145
72370
22028
41886
37427
89938
14449
57624
12291
30851
72928
59270
97628
82781
6274
56184
72033
6152
69833
19879
95625
13615
82487
81724
99889
89162
40121
74188
86652
17606
1790
97703
40490
14323
99048
72799
66938
87472
89851
46576
31241
3597
6186
70703
18428
78946
42917
91295
34521
36291
70873
66199
78586
32713
61421
73496
3906
94282
17325
52028
71612
29700
78221
46172
54497
53061
49892
75674
16651
28192
56299
64288
26186
63750
97796
58716
24476
12480
1135
64934
13963
4932
44877
10960
20686
64498
34487
98559
847
63885
38490
57174
71642
5131
74087
8203
3810
89903
86299
73519
55933
50349
99438
81454
91813
52458
49714
16809
98203
82121
37991
71258
91606
75681
47734
80978
54211
4492
51663
73366
73386
31486
40844
98319
39083
16417
76990
91843
62873
767
44673
30273
57872
98948
88653
913
93069
25083
26528
68420
89479
7932
77906
2846
41294
99858
68636
4198
81694
58390
18162
73090
95508
92677
35893
95398
25709
87316
42065
67843
94075
5014
11041
66564
71879
84041
53424
35380
30449
19436
39657
58373
29718
18059
64287
71370
71880
26982
67658
23884
54052
63284
88006
17475
70254
58288
34114
69107
31062
83484
90064
64180
28727
41684
71664
58430
16462
9313
52677
3214
89600
5214
49020
14397
44495
24802
58789
70041
87316
98015
70718
63219
6425
24289
54289
49870
59963
5010
55334
20546
48504
55464
89073
1751
83541
43571
53858
98895
22245
92588
84484
29223
19945
40969
16081
72245
62150
24825
7558
47582
333
79037
67364
25276
51929
75223
18813
34947
81597
54142
66742
29319
33907
84806
25913
39837
2043
92226
59446
70639
7755
17021
85449
27078
59894
57778
57546
424
71244
22653
88750
61920
125
11082
13820
82139
592
66873
32427
10401
8438
98949
40247
98475
72952
6300
53211
13567
83435
86984
89355
67274
86666
81636
25824
39970
56664
3869
56126
98532
37326
13978
33230
89375
6015
81605
5867
15187
84929
43437
13264
43740
13169
77412
94604
25133
46774
52258
38916
11833
92896
54511
97813
83884
48031
29056
35280
14904
47352
23781
58787
60784
59810
96368
4042
502
81543
8699
10299
39715
96970
5264
59072
33853
80461
87994
84604
65159
81202
40017
84418
79083
40638
30769
80602
98871
94536
43060
45917
39963
18607
42497
2699
54462
1433
19924
47233
76887
36096
63640
63533
66683
4687
29474
76665
39287
24900
53571
49359
8566
42368
1786
44695
20750
66839
49245
44855
78638
32621
65365
39299
9860
76368
23518
67971
4459
94596
18359
14312
86206
24628
30684
35577
32819
20111
78520
27539
69593
66683
67197
59509
55188
21926
99494
26342
25976
94619
91914
2692
25403
33969
38322
98304
70037
14357
6012
30583
31813
28175
54877
66339
11723
73221
62588
11678
43954
92733
86141
80223
29328
7231
62015
22958
76793
12379
63777
35536
35916
91502
28767
52421
84578
85272
22018
81246
87711
291
81420
48112
9803
68817
65422
55351
4369
43098
163
72828
14105
6308
5887
6558
67735
84447
12943
74929
43969
66810
26185
37675
28715
50349
23449
25566
50718
32198
51535
87144
40350
7977
33890
92925
61585
41220
45991
15928
599
66570
62233
76920
35502
21457
2191
6453
65495
43950
10770
70133
96919
82440
98088
43822
41443
40018
38807
97778
59404
96683
59461
20114
98618
11842
85444
8334
57408
34359
56626
59900
45707
57187
89655
46951
13477
5002
89171
74156
20284
6936
19579
52442
46665
3382
49012
2885
57472
47472
57422
96358
21529
76373
63187
95268
21653
62216
13522
79829
23280
54117
81546
18173
75711
42255
2347
37926
77162
33830
20122
29578
82324
86406
19025
40308
21099
78097
28176
73613
34091
2676
10545
12031
97975
42082
25153
3480
80365
87209
83772
8688
29080
78287
95994
32327
26537
90726
19398
2389
30884
44239
21308
32736
95976
59080
81557
42521
3074
37814
97186
34297
74168
3543
80091
34281
10794
33039
53931
7877
43112
16418
69077
4907
32697
77899
42143
77926
93006
48706
80379
16365
61208
50453
65877
52416
51640
14543
40162
26757
6971
14208
89364
54613
40000
16320
32809
87664
46659
12993
1782
36765
47602
42142
79372
49417
89706
53849
33781
92492
31911
90095
4080
57171
63084
98645
66155
59704
66192
15569
16224
90335
40405
86702
31836
21255
63201
53960
79471
35879
50206
23463
38202
72820
14681
20734
65286
73208
66790
39815
43621
84745
701
23358
41647
19194
82706
93053
77125
87570
28223
5490
106
32697
41841
74966
95758
21791
51699
25690
79390
35234
87373
84132
84751
38590
84805
16765
87931
74181
52025
94591
18252
50254
11506
84390
56294
37880
26889
66896
48055
93480
77812
45962
88663
82886
17938
14064
53556
31851
49607
70779
53292
60503
96682
54446
31946
77425
38774
11026
16577
11124
76476
63071
67640
51897
54099
56905
21323
21204
36297
53988
70506
18445
95070
49966
2587
14623
14628
60911
79779
42431
92585
88730
91104
39084
66336
42352
42031
83310
22713
6393
90553
88433
3221
22225
92801
32290
28789
73254
2103
20418
23060
17859
77787
35446
23207
84226
83891
29163
55025
64855
16940
2399
92898
82713
53140
77542
49752
92085
11345
15432
51276
62616
38152
25591
47305
14776
29209
66067
31049
42797
82647
75332
26491
82138
12009
57827
97346
95834
16450
83016
38959
23183
71034
4317
78892
75861
26891
19013
22133
6563
63671
23489
90239
70026
69545
2635
68554
79272
11389
55310
20599
10342
92119
39537
47646
65920
98377
81045
5226
26844
2776
71809
27010
51831
46844
94914
86532
91060
1060
76635
32281
19169
37645
65387
97185
79209
32533
19111
61338
39544
45525
40200
18140
21483
74389
62403
25234
22731
84082
74385
75404
940
82868
76831
33067
38982
57901
69566
59388
29134
38919
29717
69885
10150
90906
95059
19111
22840
66040
26460
73292
32842
35361
64637
24811
93479
59997
1131
78493
54377
21692
42942
56848
60514
87063
76088
37511
23827
8034
32631
58287
36681
81333
79545
69801
16841
12864
46231
95992
27103
43851
94474
71149
2425
86240
53256
62125
42253
2219
88249
84225
84091
66323
88089
15586
31298
94227
24278
83444
56318
80254
1454
67579
65744
12214
39922
28901
53358
58378
66760
29215
75494
84835
97122
21734
19117
29261
73680
24787
84204
82268
97717
55804
25049
69298
24786
16235
82662
30549
82905
39496
6850
55172
78109
14490
2003
45118
50368
54487
73661
347
70471
61186
94099
63032
74611
7282
56777
61974
71264
64702
37263
48235
90922
21502
94958
93002
49857
77055
75264
66978
25458
8153
85183
29106
87681
40015
1254
70601
20258
55604
26312
172
23639
36080
53104
82811
49538
4766
51295
24346
34904
99923
25792
71590
32690
35850
34206
86830
20970
28479
30747
89345
44156
28721
28490
99962
44397
90509
53503
29061
36948
43171
70866
72375
8797
76654
39943
55453
78031
65232
19012
94197
41672
87621
45606
94302
21045
85471
94441
99515
42884
25334
919
95149
95723
77734
14889
67873
79103
2624
60103
85131
55308
14590
55801
44354
15687
84923
32881
47262
38754
85262
96170
16308
46710
14976
1878
28581
99550
46976
46718
53908
43214
61469
39678
41517
86994
95834
7805
50247
42288
7212
89433
80800
55952
93847
60501
56311
81663
86322
6816
63161
93870
47951
62086
19304
88353
96127
70198
26309
95922
90841
30169
73357
55664
68772
52107
19790
16152
30789
66687
90589
56059
59953
66617
51090
89596
38633
12380
25490
60229
26012
78249
74072
68971
35251
28884
59771
13915
50499
75688
11044
55328
20112
55088
52024
48796
35629
9329
10492
72172
74208
74538
14965
43395
83257
38127
28541
4776
23989
67743
10781
1560
82058
54458
16761
38318
82793
25882
18587
76996
43966
20184
909
83531
36667
58092
98424
25160
78389
73013
84854
55497
7259
25843
80479
28288
10596
527
8591
26398
59548
5602
95306
74493
25870
41161
26860
24956
62713
26575
96856
33567
39582
29659
94982
38131
79166
44472
56804
67389
97042
60686
82079
87822
34566
48027
5186
31052
96620
40274
91373
18737
62199
44234
80790
86884
37712
11558
15579
42519
99385
18589
96137
27063
92589
24291
79885
42001
76093
43036
68091
60006
86746
5904
41782
34397
75551
83592
84409
84176
34131
38990
87316
24092
12167
73094
33130
95688
84965
1300
243
95157
22037
2745
42267
31109
78691
83453
67106
45602
86819
45688
21482
30263
54847
68301
67195
9729
81329
28411
228
13718
42137
65420
4615
26656
41785
74127
71361
89921
91086
49166
59781
97142
32193
87668
8272
81883
62277
4390
39312
57860
47941
94628
76737
31953
79122
65352
69178
55545
72704
55708
56442
72545
48882
18591
74364
71301
94956
24311
80490
37875
19403
3435
53561
93909
47620
29002
66478
53361
97584
63036
8781
95931
57585
28668
35108
33185
91392
50222
26010
17405
91283
96199
58847
56920
43800
94316
21378
21910
62890
35644
44699
73577
11748
91459
63430
5103
8081
60173
28706
820
19562
85617
92192
98881
75224
22332
97403
84218
99870
55272
42100
82082
20588
57244
74599
3353
21414
56641
17628
61315
53596
37737
49013
14642
64773
70864
89679
99532
32040
84579
64247
82271
93150
96166
47769
5594
79468
12337
44886
58091
61531
88102
50228
66978
5195
76482
42559
93729
93670
66812
88813
60523
15328
19777
41984
25653
66658
4981
18211
36153
13593
82131
22521
39324
72667
2515
46811
60420
95123
67239
73560
41093
19267
20403
12385
41411
80690
97922
25236
83803
35310
87309
72799
24219
36018
90976
54126
68795
70223
21458
46046
96351
72573
69450
89459
11765
83321
10019
59153
76348
78288
4957
63088
56029
23343
14214
99876
13673
42384
73522
32537
23867
79037
85266
4816
96620
74176
29524
23279
13441
12993
46075
8137
59287
32367
73801
8941
23795
41875
12842
71825
90472
65696
27125
39178
6975
73449
98340
45061
40714
66611
69487
98497
1847
68404
36371
97157
44747
69543
10780
33231
14460
84406
80131
38212
23245
46810
36776
36723
26716
65985
13923
49995
78918
16626
21282
68524
69155
9755
15060
18045
74976
29671
49683
95153
25394
565
53457
34020
63253
81533
52600
3369
7330
10453
35030
5034
87840
50785
98841
31277
16723
19631
86584
76015
43519
24509
34587
34719
15796
83638
3713
37286
76370
18733
73995
79332
20757
38688
48479
12815
40273
95748
52690
82070
21599
19158
87753
36331
84272
80186
35388
95531
72165
63660
72499
7689
8901
6707
16277
53590
8000
61135
61431
99933
90824
71462
23750
114
69648
67861
96654
40240
1898
58598
13046
92470
74979
60742
36977
65110
50554
9444
89617
56711
99035
75392
95258
67482
31208
84320
55882
30475
51540
72867
6385
54609
97951
67452
3364
96529
84833
1795
75015
94429
45902
47706
92294
11397
68879
26479
40504
7838
66380
96464
91682
97378
62002
80682
84728
93754
23763
34169
77955
9699
72149
79688
14333
85408
58184
47694
59521
96160
99178
48228
76267
13283
38334
80401
10266
15921
78489
30044
62007
5242
86315
7237
97454
12794
54777
88781
22082
12826
11208
38491
78318
80194
49165
59220
65798
51956
84624
95776
54344
71248
5611
73098
11562
99967
38630
48684
84657
13827
79704
89855
53294
94726
96596
76608
99597
53211
57908
37548
29541
38013
83087
48939
74644
80136
29202
32972
86994
86029
83571
93676
88838
72853
15136
53492
5924
62878
19872
66520
74232
4000
67921
42404
36075
64641
11812
91284
79165
98249
29819
90102
81450
74312
49376
25748
9828
27508
16797
67714
21517
33950
41275
46758
75255
59018
25406
84972
27411
77785
96530
58439
9149
35957
66586
98529
49866
94416
7984
27696
5153
8899
93936
55884
93730
51620
90247
55622
17933
40373
17959
61998
80528
35308
69558
14360
16244
55473
4986
23537
66914
31907
70818
22860
58921
36607
20026
61113
89567
53113
41030
39386
43763
20134
50661
26888
77756
37307
12130
8809
44437
24876
41752
24911
33361
69915
54774
77310
55329
32633
61039
59323
35555
1460
77968
1442
97390
44485
30325
38867
1757
74870
19407
85235
15409
20545
26278
91897
73876
42367
66819
33092
17190
5986
35460
52738
44301
47058
12679
30783
27634
70578
48906
84419
29330
3265
12389
2615
24667
37150
97990
39641
22232
97742
19447
48566
37858
58508
34117
27005
99180
51557
74788
55613
53717
85002
68344
41452
76720
1480
95763
38907
5128
56440
42256
30436
4428
91223
68170
59255
38259
19852
23983
96164
87468
50674
72181
23316
61991
80044
27360
55848
41311
61808
82169
96612
47752
33594
94303
25426
33535
58759
30610
40293
77648
20125
95115
96164
23706
2017
89850
817
86714
81538
70716
10534
91355
47947
8303
43980
37198
85880
12536
74510
52019
1163
71985
95491
87369
12259
97324
11533
16074
12027
54724
5456
5693
3937
18086
39697
41188
73113
3487
8780
29498
41256
74855
71139
16190
70637
20990
15674
48979
4259
41964
87233
86511
79578
11
48088
46788
50308
17136
1428
44082
10245
11959
71557
15800
73242
35394
56491
37727
6258
50134
35083
55539
14991
60768
92799
66359
40933
25255
34160
35601
7244
26786
22185
87107
68804
66559
1034
10770
76508
18662
14723
62916
48158
11883
76448
98482
87333
75003
28115
96077
88263
65384
67874
54286
40122
56125
31893
84504
82955
450
32960
69398
8484
90237
77959
86343
60026
64577
27347
14427
34201
71828
90934
17378
45470
48907
3379
98485
92638
84571
48772
92655
43808
81947
91562
6214
32388
93500
25643
62789
21292
55735
306
76973
14755
10793
92900
22262
80463
13509
21192
65880
32900
92856
17161
99008
78821
90456
83436
28289
49592
63636
71982
30034
30019
82094
24366
3392
62753
17704
21128
51275
24942
77171
6932
51105
52903
29750
52568
90541
87515
81614
6829
43426
60104
16225
41799
18069
78672
4775
24046
3972
83428
38391
92741
31561
1353
78254
78726
75097
24481
32063
93897
51583
9116
49699
41576
36548
79354
42571
86375
61160
10620
75193
9547
79433
94157
12163
35302
47553
38374
75695
57221
39739
77000
45925
96154
16242
15137
81930
7572
82808
86275
37057
63461
92439
60447
90210
33332
1294
98157
39761
24671
54730
67844
8060
58269
92945
15052
43110
63238
68159
94192
56470
13731
13239
24483
8055
90785
34973
34820
2206
47480
48137
11708
56870
37695
21671
23888
31630
33575
69897
39622
37675
43779
17545
99188
81430
51249
33570
15424
89938
6064
22080
71581
85849
95892
3299
12038
93620
43982
71930
68358
40256
12101
89301
41374
68282
1470
76544
7836
97049
18698
83512
18746
89772
58234
673
53228
62146
98544
85950
6902
49271
70201
81975
41920
98480
80580
89801
68785
24247
62354
44405
3841
56913
89407
27893
79107
60088
48122
26821
34143
18335
51320
26968
38781
51509
80810
73930
43790
1000
88996
85240
95640
71495
77601
7945
82505
77879
81325
41328
19246
38481
27513
9407
41334
13264
9023
43773
51876
55690
26513
93857
89911
94866
1164
78340
46832
84195
91756
85238
59131
41955
67182
73319
30989
86559
36348
36395
80392
9416
15094
53744
92491
57983
99951
70336
49192
29779
75784
79565
68509
46159
58808
90072
17305
88734
2315
82335
22000
79405
774
77574
59014
6345
28253
45372
54001
6595
43199
27819
23985
10339
10887
37532
30810
75590
29623
40457
54405
68016
87676
98264
66431
97806
12858
12773
48706
14726
96931
23551
25182
73452
15537
42527
79374
92416
49036
68035
2234
57239
21875
71291
90532
81066
20369
89473
4634
27269
72601
95687
57782
75719
16756
94393
959
16917
20388
37470
71675
41592
19606
82847
47801
11793
31785
29347
25822
55524
75690
27955
72185
95099
29513
34383
56020
42462
53337
4052
82048
89327
78543
70682
50199
51218
410
49542
77344
71063
30986
26208
9511
89986
57435
12789
98797
3660
95300
74691
86757
55742
32034
73953
66611
41138
18289
35630
11681
75066
24768
59382
35283
74888
67359
64074
33677
30121
55140
96280
6713
28270
5874
22190
11536
71759
44036
77172
18732
43425
96899
54894
36333
96794
64309
81290
2015
89165
92039
8960
29184
114
71841
20185
54877
24319
32915
87126
37714
73967
65089
21823
31378
83428
55738
20823
96185
80684
59009
15779
21076
87965
21196
58510
24482
88237
27022
111
51852
57224
10443
73232
98106
87704
84725
2456
29841
24080
2056
7223
98264
88581
50365
5996
30676
47278
30526
4910
17257
47014
39958
74396
82405
2250
45240
62276
98024
70870
29828
21098
96965
32113
10573
95828
38737
97545
29497
48220
43647
92622
91637
54670
28661
75049
22327
70406
91931
18045
38356
54774
48725
45601
43433
90030
42957
73475
93346
43935
56475
6989
16183
16018
82033
80448
97604
13435
4175
14603
31624
6988
55171
98227
71581
54885
43171
38879
31713
92793
75458
74372
32646
35600
3092
67832
57043
60482
39922
72189
19857
17978
50075
5292
11232
61464
31388
52123
94259
62520
19618
69982
92363
86011
70543
38279
96931
6893
23036
85458
39226
71442
34154
93049
73084
72279
45070
87597
8689
4133
67850
6509
60764
89760
64784
14954
54714
6500
29871
35825
84602
25170
12883
67292
93002
94425
17855
70122
19183
4383
94435
31133
80832
90515
48965
40623
59370
55211
38091
94226
66722
71715
65809
60838
91170
5904
24542
65978
17074
26019
39921
47962
96972
15248
86269
32425
61314
41425
5224
46204
2057
96866
72053
67846
99672
55637
73700
81247
89151
933
39821
29035
9403
87694
76929
83267
99343
64408
29431
44880
37563
93193
37321
58130
84759
24098
18121
56542
45300
68946
58800
98456
46556
59433
84848
12732
39764
80192
45229
40645
27748
48582
29358
17967
29681
33708
82439
72341
42702
97864
79575
51849
71904
54081
48887
20485
39590
45013
72302
93143
57903
55999
90131
48377
1962
25389
33927
75642
80420
63468
79524
25169
17286
61436
96594
29451
66995
74464
4762
43213
41771
18095
60386
84843
32159
38556
18858
49897
92246
90271
40773
14171
6905
15689
3134
15601
60302
61348
33410
12942
19196
92412
29257
3087
36070
83865
39927
6519
81672
95625
81337
38415
8042
12273
52923
19363
87112
17121
46164
57274
94768
75998
13255
51216
23016
60340
44292
13995
20429
85390
6200
18814
64179
64581
72141
20679
45628
7913
5183
28940
87395
5178
19153
79781
97603
48455
48235
80760
38486
43441
19562
68246
40545
20120
28717
1104
18250
1892
47355
30665
66893
16131
22322
57695
52661
50555
83586
44592
29385
58763
98126
94702
73233
38621
10068
21461
70736
356
69662
3327
23536
18315
25445
8909
19650
3405
75073
62956
90789
13586
91923
12644
76557
49110
56636
94586
20410
19370
21946
27571
43206
54088
51306
95803
62875
20718
91694
11285
49669
27438
68201
40714
18899
27968
95497
74667
64744
34001
42047
61060
44903
85735
38353
60105
6858
61263
93978
66496
82543
23518
96815
84431
29778
94400
81805
29280
45439
99998
44743
47743
80049
73694
53188
74328
87362
69533
67200
9388
84747
23292
11484
27941
54073
67752
73425
71189
90543
20305
90454
30425
76123
55144
93004
55817
77863
2248
15099
20712
20936
19446
74494
60786
85520
66373
8628
40253
34810
35936
4531
45226
50303
98766
47085
97334
15728
31194
69539
14848
3846
49586
27686
14066
6333
91089
72617
94585
63232
13176
27083
91744
17296
42358
76045
89158
32904
51013
8105
26512
30120
22679
74224
72959
23874
99189
679
50740
78574
22404
60489
53561
79751
36264
28158
85870
57662
40382
32905
9580
66088
10735
1853
13454
17860
22705
29775
65005
76206
62598
51344
1934
40504
76612
28778
92564
43444
33655
64829
49635
47937
81361
90103
25631
83024
57865
32384
52051
23314
22519
12871
92240
439
90532
23175
46457
97245
63720
91290
11930
45681
14769
45261
92315
43787
15987
74822
76750
83322
48754
17209
24190
5085
21275
81538
10470
53456
1982
3715
35985
40458
72094
53351
4119
18401
91237
57352
74891
11961
52188
56179
61802
15478
21633
25382
73945
22732
469
26543
55957
13575
54789
3261
32843
47164
65817
45017
88422
16071
86220
52520
3841
75978
70053
3153
31805
75186
58966
26273
90301
62941
882
87395
58647
51406
67437
98656
16458
33523
58490
22686
88329
72011
80391
20927
10366
2797
20667
86378
15831
20246
18138
54476
96218
96802
5672
28360
17926
1081
14290
91495
74893
41865
82181
85068
24975
36444
45618
5682
4947
7269
2593
37447
49149
60474
3637
21632
82030
1136
69988
75276
29376
57512
2911
10621
71260
1993
94790
93765
96485
60192
19167
22834
42183
3186
97465
40466
38668
96633
47686
13686
12941
89432
63953
58205
25865
77051
46520
29210
26190
59223
34736
34305
55215
54933
85608
23273
71473
77508
91361
74962
26210
19674
34625
22056
39448
90219
42388
18576
58640
90079
85564
93296
17682
64545
29432
42455
3702
78062
61120
85369
85244
27902
98820
17986
90950
60667
98605
66271
20080
93556
35844
61940
70791
86906
12360
44161
82219
83796
47389
6642
91868
96233
64336
24558
92521
11687
18441
4838
3044
64630
69347
37560
75014
57077
76915
99184
2932
16274
6020
13055
48478
76247
8635
88004
70358
98841
71063
64314
26593
42651
5309
43990
15612
83160
31652
31341
1734
15225
45374
76733
1370
90219
76945
61064
46827
10958
14142
19752
32050
34894
22380
56158
58836
55297
99284
62587
1118
75158
20405
4954
77653
85158
23188
52885
99353
67043
53878
21593
92862
26056
57167
61617
48902
20749
17993
89938
34441
7439
42387
74296
70839
79821
65016
19889
67594
10534
43380
15488
48056
54921
10139
14944
93481
49537
33744
28077
81681
43694
88925
27723
39689
21525
62952
5149
67900
84891
6143
1141
17308
7327
72192
86888
88159
27583
67224
85620
65057
82304
57541
44922
53316
7420
88272
31393
39494
53475
1618
25166
54447
70653
34284
1514
94275
80451
52942
20487
23562
13227
12023
94193
44596
54877
7737
24108
53585
4408
34976
35541
35840
14105
33547
15899
8636
59766
40280
95887
80648
9564
42757
68866
86372
65912
50986
33253
55495
55844
22573
38578
46721
70367
56994
10062
31754
94973
67567
99767
18587
53655
53003
28535
85432
52494
12161
39974
83615
79621
14371
43915
2732
72803
26375
71396
36983
46074
20299
61316
23630
88724
22082
49457
28497
28537
21120
8712
31887
56327
86492
39099
34216
6314
36899
80669
60446
22560
39153
29102
40527
85226
83096
18907
57208
22680
19036
87211
7179
14269
9817
85135
57835
44054
88637
99869
10684
31929
1805
70934
94730
39494
98934
54485
85815
59278
35569
96661
13702
76716
83946
77704
31575
73299
53545
15387
9437
9126
90145
39857
72024
76484
81193
25731
95693
25865
86733
34059
65792
25968
44951
21056
91209
31727
4871
12101
17165
13512
20076
51847
15719
82790
17303
24248
87852
63685
11684
70283
49620
31490
78157
75826
93985
67814
67192
30574
10023
7339
50641
8261
31165
51595
15488
89278
45568
24918
59041
93496
62333
10708
72570
77821
75524
7591
55555
27055
81497
89373
48628
33301
29465
64290
45186
36400
42175
60400
67006
20302
55505
66170
12059
43562
59117
34402
14772
72717
14968
83669
94220
307
6804
23439
6057
21882
65040
38223
25690
10857
48871
67163
85466
1064
43470
37477
1404
97069
27812
86876
17079
29853
30630
49770
3546
17781
77336
71762
6899
43637
81202
47473
23800
33866
10914
22602
99239
67157
54755
87875
72650
9297
80387
18817
52687
80513
44338
53387
21609
31428
36690
81195
18549
57943
10676
43282
4308
45737
42843
56247
9688
83517
79935
93952
61576
22974
72086
19401
82234
41057
52344
89165
6062
77378
98308
52555
80987
14904
14300
6762
11864
5070
62316
83820
18906
14641
97706
40831
55623
44231
6238
32849
16850
70220
57710
2682
95524
3849
37350
21048
98775
98686
71087
15583
41370
7293
17450
54337
54714
40787
72863
3706
85477
44392
3329
48763
56735
12308
86389
80186
96945
63702
74397
37581
1735
75194
94904
95007
4711
34861
68530
81522
27432
42371
16850
23419
1129
21479
81624
74231
72312
60980
48908
63281
71314
20229
62171
21441
63460
79028
21144
99329
67583
95817
33866
91571
46624
20644
3855
53910
2453
61398
60970
28033
79687
98211
1265
95840
81266
7040
74720
94977
25247
2544
24306
45398
43041
38154
56271
21955
39087
89051
61181
22072
71280
80082
92303
10153
26720
2385
5462
36910
63318
62859
87261
62383
95468
1477
43643
28376
7986
24874
33370
33859
49857
15228
46088
20557
72579
46080
59350
99149
21447
34407
4669
60243
96266
23901
58188
37268
50403
20445
44486
19548
74819
57273
40765
41752
68337
8894
93755
39084
55655
99517
69390
23388
82571
41602
48877
82862
40585
62352
26535
3592
3760
88607
36979
13431
65626
53050
93531
1804
92519
65298
79818
52413
74028
36325
40769
92183
21093
91953
74565
15405
88985
17874
94329
16643
40077
30280
94797
93629
88632
48756
99670
16234
8378
12116
89055
71038
65433
81272
48074
20263
26559
40256
29654
27752
611
59573
38406
64568
23563
83953
9048
22419
78523
75205
82397
48901
99264
43848
34094
29981
10204
67848
39788
8869
69221
49599
88642
22515
62580
76672
64622
66797
95987
88210
38437
41512
31567
29319
17722
54482
23836
14506
40146
21152
14080
48282
42042
16569
55996
44180
40432
37153
12746
21473
25492
20109
12013
52723
9141
81090
83379
56258
59323
32728
44302
33937
68404
44436
49802
77432
24279
85259
2480
20300
9069
34657
37630
81967
16071
55076
47164
54947
61560
21752
77772
7549
59776
84579
15438
17263
86336
73437
67005
48658
50155
63428
42462
10785
2170
68219
25255
7241
71864
67669
62721
25081
73055
40615
19107
59369
43243
3575
38897
24746
75373
92361
81651
90360
17188
29897
69417
54555
23275
41719
91874
45875
28754
27501
9939
16589
52799
89305
85337
29803
49630
66709
87807
67035
59627
75912
97011
36709
19608
87484
47742
23529
98305
83428
91524
56447
13658
171
13946
46407
22250
33376
21592
49749
17862
61840
80591
14048
85409
88602
53306
52500
7332
48144
35924
64744
38405
27486
12195
51981
78235
34157
59303
16571
2294
10352
64199
88113
69063
28169
76635
82242
49074
39813
42030
49559
11692
91143
68849
16060
10793
91938
75768
7750
38680
24444
96931
65818
29461
43014
89369
86482
63604
54288
83553
81407
52920
5474
14313
44498
6156
52539
7263
31834
86005
54809
9276
18379
33198
14761
94038
52238
41962
11118
72226
3437
8513
12920
97670
24784
84757
91005
58517
79146
30026
80490
19900
46583
89362
44803
88110
51800
80350
27689
16656
2438
81782
8653
61856
25716
98303
86182
41851
59685
97878
58179
31288
54545
41934
43507
36119
24836
24186
72859
31399
11926
73525
92949
14348
72498
43054
40479
25660
54852
41070
55278
14727
1745
34492
99956
16447
63655
5261
34742
61055
66910
69977
37927
90141
37850
48085
29037
73003
44039
81085
94335
14445
23026
24577
5703
98805
55771
98233
43154
62384
44274
13379
49239
32517
76341
87037
49880
21443
19915
59941
29707
60580
58929
10326
33837
63309
25317
47989
97867
27521
26665
68748
86380
60140
98959
93766
89441
86159
51673
4992
80783
65901
37173
14453
74365
54088
4588
73201
81353
84162
60311
41626
42879
28704
52783
54682
55713
11966
14893
60694
56057
43333
29561
83777
54387
28796
75308
28468
45481
42177
48159
73586
24940
45379
10910
53786
86464
4892
6802
43695
61536
44539
54861
37155
36503
17796
97013
27617
46366
76299
252
1860
55838
23228
1469
59676
80222
8982
83969
2734
91437
43688
79374
21598
32753
12431
31464
22306
96285
26165
49825
8627
12345
47852
39523
47984
11792
16041
11273
2631
15709
73178
88647
20369
70054
97475
98829
48078
80091
55377
48118
39435
82980
79947
46192
12443
9786
25418
46598
91184
95562
84828
947
8946
73197
22747
82319
19446
73738
60670
32671
22052
21790
24517
45045
72190
94674
6461
78747
75880
40890
75257
58829
12231
92549
53243
20597
5689
54236
92340
66973
86637
83386
85736
13776
68945
7173
16244
47811
2555
8632
21158
88443
1686
5138
43483
2678
57978
14047
4130
69241
26204
54192
8908
84184
2848
76377
71317
99209
43119
25571
96154
85860
42425
20240
98628
16983
16666
51812
43299
24037
66718
86247
56435
69757
81161
55964
2144
48689
70673
99376
11033
38596
34758
97910
18315
28597
54340
91252
98857
75754
71481
22100
95204
20208
23002
39118
8659
62432
76791
50175
78861
35700
93398
76362
36678
7360
24503
56996
17846
24406
55796
98494
22571
20633
26029
59169
47787
88448
80652
80221
95840
45891
50058
32841
27823
19895
87802
90298
44776
47185
70014
18510
39493
20739
57583
6666
7915
12369
82087
65925
42109
3745
90934
66808
91056
72515
20840
15211
52253
97846
55534
13598
67580
22511
79922
10704
43669
70851
86205
90938
93267
15145
20056
34724
73327
99591
58158
91334
52575
91083
56418
59708
94222
85235
42292
10857
72301
20677
70965
43675
29500
81425
18589
95311
94048
11032
27262
33817
49443
13718
81140
60995
17572
83834
85840
82313
13540
24170
94404
16757
7852
41477
53476
55108
20118
2490
72017
15367
95662
92374
58596
70868
21315
94072
74501
45976
3991
12242
21649
32682
27039
39973
20109
81032
77030
42403
54150
2274
2219
96713
95927
55741
70383
34618
58765
76380
93979
93794
75678
88933
27945
54375
48817
64951
210
24285
8381
87853
30992
94884
17852
96217
60091
40628
75759
76594
5439
50270
89610
43973
62206
12347
42427
40873
77427
81958
91579
65233
81299
16045
57101
62937
25810
20439
97950
88231
13225
1116
96014
29532
73582
85070
93239
63820
51732
80450
82970
52899
27405
91491
94013
25025
71245
82442
36978
89674
5085
18890
35554
32467
47921
50384
95775
78013
41566
10334
74343
32071
74900
74097
64468
33022
95603
45323
32556
61488
31779
70130
87691
81198
85163
87023
75494
11602
6757
99502
87085
96033
14849
45204
70634
40990
83668
32100
99363
7861
17482
5151
91060
89165
61913
16252
32439
59208
95604
72262
75371
51868
62661
42345
70983
83594
93159
90005
53854
90337
52396
38746
27529
86170
42262
47117
30802
58296
75542
59836
17647
2487
45593
75215
95604
63440
26634
82666
35786
12627
89365
29761
42132
25192
89852
92779
46758
10626
77172
88590
4610
59094
16014
22669
34108
41165
6959
98053
88017
36461
10195
50646
91933
30329
32987
86174
17352
86514
99124
25166
24615
50183
83232
43165
83072
5565
71732
55561
31840
67096
19576
21406
98096
19003
99776
83916
47142
89422
99015
69322
74807
63095
94852
84583
62935
17509
23992
24411
95398
74783
32346
6444
17606
96356
38764
4644
45567
8806
39367
90328
68112
30322
99850
50432
38196
27099
7495
94869
13622
26365
11601
86215
60035
66319
79382
51894
91732
63638
40197
99184
14560
48834
36191
55148
30627
2321
4017
90063
5898
91248
96491
51911
73132
61438
20181
31936
39913
28186
91411
49354
9077
38694
10235
95034
51354
55417
46662
52683
45409
2226
16537
25312
86706
29574
4811
79491
76719
28309
10010
44680
9120
74754
93697
83452
91214
3581
52247
30727
36655
55884
42623
23109
14050
10780
71762
30437
81187
77312
80747
23277
79650
58411
9957
1122
76390
54756
60218
31709
72214
45461
40815
65194
29848
91875
98396
95983
57336
18491
29134
21589
96016
95436
47357
12749
27500
28569
32353
35701
73582
4503
31026
45014
10592
88489
40058
14133
16350
13115
66512
54779
87199
67249
49600
14284
94788
21345
11852
91729
55445
69964
78022
44978
89931
49853
5855
99934
62406
66258
39222
40396
7312
38998
4733
39847
45053
49587
27925
80004
40560
2151
63311
45834
86576
50126
31162
78901
13288
10492
47336
72526
68080
76282
61107
45593
55277
67353
60072
22474
59088
36212
36106
14411
57887
41918
62812
66501
59347
44246
42110
58547
80135
9439
65636
70976
98960
92825
53359
98023
80179
10025
64013
92612
66825
7949
71438
52627
93206
49693
6097
77909
58513
41471
83495
60713
96143
19458
26110
57703
90643
28185
14763
39395
61461
11918
94856
89934
13749
77827
14474
44230
58152
77404
46142
43750
84049
24577
93914
57427
78370
47058
15323
24839
88763
30823
6003
59868
89971
6405
64564
82198
51631
40370
31058
84137
49097
60471
89892
48757
54954
49052
69719
65616
27105
22485
17053
11731
15029
93643
10525
3434
85965
12313
65176
82803
12471
75834
82618
75653
64487
15701
23241
45934
53128
20794
47073
95367
35896
31
48650
85427
99806
28579
29573
9119
47026
65692
36617
60791
43763
44818
52799
71435
81981
20255
50482
99691
91765
23068
44095
2882
69221
58837
56464
53757
59845
9661
96548
74062
44757
28038
12096
84779
49151
38844
68747
44325
95039
16700
39682
63921
4878
62621
16002
38126
83156
54750
12004
36408
20297
29902
31127
68730
79948
567
33101
70370
25359
65388
47659
93297
3100
7236
75454
77997
41754
34404
17780
17289
85091
98113
43465
78215
11524
26291