159
1143
841
2803
2381
3450
1695
3546
2232
4019
1159
1933
300
2974
1730
4504
3255
49
2911
3903
830
573
1074
2198
773
1192
2732
2724
4344
467
1087
3849
3453
2693
659
920
4969
4801
4466
3550
3514
174
4367
4179
4392
1089
731
2538
466
2758
4503
2270
577
2746
2495
1837
2776
3025
1505
3646
3357
1411
3520
4451
4285
2853
4547
938
3054
1733
2067
920
718
2845
457
1637
4240
3425
2130
2384
1267
4517
4440
2625
3439
1209
2946
1174
555
4788
368
1472
622
2557
4909
2119
4789
2985
3716
4092
2099
1581
1312
4180
414
3473
4663
111
2305
2782
1584
3196
3861
4827
1984
130
2716
3717
4516
3326
864
3336
4315
4616
2095
41
413
945
2108
1367
1199
136
2799
1258
4127
2333
3169
3850
4747
1813
334
3388
4801
285
3312
1926
474
3874
4455
4963
160
2651
1058
200
1687
1723
4543
2311
2105
2602
4730
4493
3319
1072
4960
1653
3862
4793
1834
4019
2937
1058
2308
4302
3217
4406
865
2327
4691
4367
4936
661
3930
803
3829
961
1281
3681
1690
4764
4083
2213
2476
4750
1254
4269
4069
3849
4025
4411
1285
4690
4642
2308
4397
312
4807
4167
101
3709
2301
3792
4227
3991
383
540
4021
3832
429
3573
1514
1840
3453
1491
1722
3367
4843
371
3365
1387
1680
923
2372
1077
584
1805
487
1224
667
3961
2083
3596
2530
1897
3834
2335
4500
4520
1400
2961
1658
3866
4417
4151
1784
811
4758
1084
2584
3882
4297
1323
972
746
2382
656
4917
1862
3155
4403
1238
3756
4442
3994
3430
567
305
4976
3113
1081
4608
2570
4736
3871
2878
1394
3675
2628
48
2615
777
267
237
1794
2829
4019
2223
4086
558
4952
654
4381
1406
985
4255
955
2360
3041
4639
633
678
3831
3537
4586
1071
1068
4289
1055
4480
4752
1384
2824
3651
667
3096
2480
847
2892
4957
1562
3451
3613
3329
3567
41
1938
1216
542
4028
1193
2152
3601
1178
2442
524
3714
1280
2177
4269
2293
540
235
4473
982
3373
1188
3692
4474
2206
4961
2014
3258
584
531
3856
4648
2268
1506
2785
4900
1569
2051
3728
1381
1240
85
1047
2827
464
4213
1839
1472
3576
3505
4096
1394
2351
3655
3719
1781
1952
4055
2087
4246
802
897
1134
470
4384
1306
1586
3681
1666
2213
1278
4556
3037
389
1031
342
4398
4584
1243
4046
4729
3372
937
1784
2011
4594
2416
2163
1180
3109
3818
3861
1359
629
261
1314
4852
2867
1181
2806
2455
4887
3502
3407
1525
3174
814
3025
1253
1988
4644
2830
3368
3202
2416
728
4123
3328
189
4955
1348
3592
3337
3302
541
4598
3194
963
671
3507
3999
1598
4534
2369
41
4863
2160
3282
4041
551
787
2231
3790
594
2957
2684
2412
3420
611
4133
4790
4763
350
1979
2669
3171
3167
2415
2857
1432
3653
3834
5
4737
4340
3584
1476
1485
1517
2162
1959
4378
4714
4129
4024
1739
3311
3859
3824
2398
998
1455
2378
4263
3220
4811
769
4547
1946
621
64
4278
894
3887
3981
3720
1045
4538
807
2540
4812
1555
1794
378
1385
2774
942
2389
4668
321
4854
576
3880
3700
202
2324
3179
2181
670
1274
3951
4540
751
1157
837
3606
1393
4665
3503
947
1743
4274
2265
4981
1518
1752
2563
2488
4442
600
3910
2429
3950
4055
4834
1738
2118
243
961
872
2276
4841
766
2260
1915
751
856
788
2721
3775
3490
503
4350
3820
2947
325
215
2079
515
3824
532
4306
2390
574
4295
3716
3293
1528
1721
2846
549
4362
1538
666
582
2173
659
1793
1411
3496
3035
3693
4318
504
2533
1815
628
2236
3526
1384
4086
3809
2343
2307
4780
906
4146
4658
4102
2793
1854
1981
4985
4983
1407
2141
3560
3928
4912
3051
2124
323
3425
3646
3681
2533
680
3695
1002
2035
543
1201
2360
1809
1599
3800
1131
4998
1640
255
4224
1869
1054
4044
3370
64
2122
2631
3941
4403
3759
3126
1656
4644
4078
4272
695
3434
3235
2577
4218
83
2076
1500
4164
1352
506
352
1745
2232
367
23
1851
1724
4037
2298
1055
191
330
960
4250
4964
2490
708
2566
4184
732
1839
4022
2421
900
606
4650
3319
406
1080
4407
1325
1336
4968
1976
4835
4952
4737
149
761
1091
937
2259
2986
3002
1390
4867
2452
1028
1723
1680
543
3602
2272
2597
789
2812
143
2171
4670
4570
3953
179
3874
3447
2120
4619
172
4518
766
3080
1645
1226
4708
4386
1116
4138
2948
1172
366
4452
2109
2639
4464
4917
4516
579
2487
2508
1693
101
2141
120
1080
3410
1477
1330
3629
4414
1195
976
4752
2529
2259
1398
4029
4901
145
677
2451
1868
2882
3510
4678
650
2964
2560
2091
3772
4195
4089
3098
1583
583
3798
3526
1984
2857
1401
4535
2852
1285
4310
516
969
1240
2323
1885
2383
4775
55
1150
1398
876
1471
1906
4737
3597
557
4076
1721
238
4562
4633
4555
4873
811
4329
824
2716
1280
3020
3097
3733
1968
3652
1245
3813
3277
282
4278
4544
222
703
1021
397
604
1896
679
4251
4831
4649
7
2349
669
1164
2979
1770
2583
2531
2422
4237
181
1677
1924
487
3624
3704
3703
787
1418
4911
1761
4143
965
50
2900
1663
965
4070
1525
4542
4881
3878
2259
573
2235
548
1726
606
907
3524
3146
2026
700
673
3168
2710
45
4494
4440
913
4189
3106
4753
551
3594
1356
4389
1357
2806
1060
2792
2608
2453
4368
2415
1458
740
440
1922
3373
1100
3996
1086
3315
1405
3002
4264
2399
2652
4212
1317
521
3636
1922
2135
2593
1763
4719
4346
3553
2159
3170
2767
2511
1763
2609
3281
2152
705
2744
1945
1409
3935
999
962
1842
2232
2929
1143
2337
1718
2093
3986
4134
1092
380
4123
639