28341
74668
43410
70811
61142
19248
93190
84548
7515
16953
25908
39755
48602
53745
46312
29246
17917
65299
57981
29817
87723
72593
37383
86733
29546
48950
7818
42439
12553
51849
83764
39151
52544
37046
9144
1833
73657
27531
2484
74458
48726
16363
42022
79563
18479
32544
99964
86472
21884
64302
88936
58217
21496
6753
5094
28130
65119
1652
36179
65793
76327
78784
17591
30235
14356
7073
61153
54593
38885
86629
36806
63007
3486
82873
89753
63266
51336
33848
8431
60302
38936
58905
28534
21821
18749
8874
12929
22378
83657
44592
74202
54444
1903
18228
62636
80905
17164
29097
63100
16953
26849
57192
24202
70554
90482
2908
69423
85297
18249
70769
82541
43980
51665
93975
99640
81788
50494
97550
356
68684
97195
35528
28312
4284
15317
62686
91740
1701
76598
19768
42797
60239
47209
46045
6681
72136
22610
51917
50768
85174
84923
85416
16549
33478
14620
24706
67208
36188
96148
13347
86495
39360
75902
28476
88255
63811
48867
87859
58578
96211
56689
35855
49679
18813
55803
27859
24639
4864
33037
28274
32188
22189
16684
34479
53060
99420
304
64891
2850
94353
3587
57420
5941
5325
13161
42555
4342
78812
88606
47362
52504
513
6939
29379
74494
25412
90591
74588
80695
92516
65727
66723
716
77668
50969
93834
34640
3495
19112
27181
56060
24599
18324
30804
97652
38309
37238
1006
60064
85452
35442
54191
38086
68746
95175
36222
49551
93967
21295
84358
46888
85601
71966
68368
39752
51522
23916
99580
58527
83035
74371
76614
57344
54701
6033
82954
77008
27342
76587
80631
93688
38692
12145
87444
93059
27454
30872
79112
18166
3548
48530
36648
4899
44822
56225
13873
78559
23749
65639
41245
64405
63964
14132
74041
63017
78074
75228
81847
17817
92431
57276
21229
72606
73958
44089
55762
92862
96168
63169
68943
87803
65782
3893
11615
30292
94136
23572
22892
51156
85761
85101
8275
26250
67210
86227
15814
21949
87140
33115
13975
44149
87236
57321
63334
33336
74841
35154
67992
11426
86339
19842
7348
19711
10034
21229
94888
91603
5434
97238
72808
84069
37010
84968
6489
49795
73743
89860
40335
22526
29710
26799
41748
74581
40110
25502
25788
92607
75445
44958
65667
80353
96567
80957
9334
65752
28406
54245
36470
51193
33315
99475
95721
70023
66646
6328
30390
87125
54773
80205
3075
66727
10477
94124
79807
36599
8895
80973
2378
50598
83867
2717
62557
65821
73077
26802
51565
1527
11159
5272
23330
50206
94045
18657
33896
21188
17555
80951
7091
11759
12658
28888
48965
77569
18267
27765
61189
93756
44957
17826
5680
75165
97726
60426
74966
23020
97734
50900
78558
9479
73724
85247
69015
25119
26727
91343
12153
5083
59840
99939
39265
8098
60044
17992
11413
14903
37773
40336
55755
10099
54580
93449
27946
14576
36991
50038
97253
95081
88944
87707
48828
89603
52327
95470
87968
7696
86982
43246
42636
70642
26312
55730
52306
33337
60501
74868
75413
53196
3837
91411
50695
35536
58666
28379
94851
93098
82948
85401
7224
57845
38582
88488
56006
2196
84358
27067
93256
77908
62301
83624
90821
228
34937
18735
18134
15032
57744
83225
37256
37030
16687
9430
38705
61664
51129
11438
30752
59010
67130
95663
8691
49418
8876
4830
66015
41664
48847
94948
99962
42050
18347
36714
65344
44908
53099
22541
41511
64470
84744
12413
5993
42811
57052
44759
34126
55558
50696
10066
43379
16336
2160
77260
11849
93101
68104
78396
5908
95338
72845
59973
84314
72356
10536
51030
88879
76107
31208
17916
60750
89228
73054
61297
38355
99807
78834
85668
44132
59471
63783
31842
97892
95509
37161
47903
3209
47322
9523
96538
31148
66874
28572
23348
83325
96549
89702
20759
30660
79146
66713
5572
33250
16132
84946
37744
75023
69451
37449
31292
98186
99048
28560
91265
63182
71253
15035
91586
39648
20086
4394
56546
46701
57487
56966
8124
41587
51517
43576
74279
15445
52226
51722
85133
6247
66552
84196
13043
28315
86951
40752
89008
82090
77240
34259
41352
84713
52641
47284
4920
53169
2269
30829
96066
80158
83174
70868
49638
9565
55593
44115
70936
1078
21004
36126
11397
25983
78733
23339
70322
67708
83514
36256
83396
5743
41300
82085
96922
7614
38217
37871
35033
18245
19485
96616
96200
58138
70460
42926
70468
58654
69393
36700
21931
23616
50037
22917
13756
32619
26250
94330
94428
72480
4145
56352
47249
3994
42675
65323
15098
40252
82181
57260
18803
44775
10751
94606
49827
60612
31501
90935
86681
807
72218
12857
72206
41084
48075
12951
29199
57539
15988
57431
51376
5439
99067
77392
60083
91439
6844
27742
81467
91498
21980
80577
79411
28121
86412
37962
16678
13619
63709
84750
84806
6207
67659
5617
62449
6899
84566
2207
90189
14088
16338
2190
54345
34221
82648
22847
59770
49273
86967
11419
88600
87093
19389
47197
64505
600
91412
53957
76291
12961
40058
63950
50363
10800
21166
33688
29203
71585
38877
41146
55971
95974
95366
69484
86377
60542
91528
79523
70250
85242
5079
38462
7352
1676
59670
81714
36285
60206
67012
60687
46586
56738
74055
57566
93676
47941
17811
58198
10289
69125
9945
3228
33251
86066
69016
45160
37421
26039
76840
2257
52582
70211
3005
47918
99954
97002
35716
60398
7430
9882
48143
88915
15051
72614
59262
44985
64534
40178
99718
550
8214
72696
98758
10966
7974
44589
64391
21359
86703
76947
14987
95453
6878
25333
69892
80096
9518
88262
97916
93101
51554
90429
56172
22529
12754
43406
22412
95315
17260
6643
73850
82461
38504
40298
67188
41403
44829
61687
3210
11366
43833
26056
56602
92453
82548
44253
36415
54487
71627
4856
22133
58761
29491
75217
34208
59369
17259
60980
23829
44807
73262
72397
77869
14011
30840
46415
94948
44869
72740
88436
20296
63417
22389
789
77463
21209
54667
31760
83758
24053
62408
7378
10138
21627
35018
80429
89348
8282
47280
78184
3445
20758
21251
30986
63928
19543
62761
36746
95579
8779
73604
24806
32501
72014
66772
3589
15981
75251
76195
25387
17431
71518
11663
41784
16620
27742
75974
51360
5411
42764
21231
92922
44577
49137
3325
338
89497
88484
43012
55555
81590
4028
94773
14928
79275
50588
68518
75606
91648
40144
80025
4827
53142
44947
36415
31986
49013
34490
31587
22997
20709
54718
71184
56187
62527
54299
23392
65530
61846
87207
37513
15717
69047
55511
11909
55475
64948
22501
47770
73567
51840
84722
53511
49725
19503
58508
13478
19994
60617
28724
19268
68854
99835
41459
86345
5828
43076
3236
94698
40265
99519
29005
70615
92236
3537
44461
5960
38317
23236
91308
78714
51948
12119
18403
8779
84743
5737
48265
29125
12255
91895
59504
41025
38456
60897
83775
34059
90003
59410
45336
60581
38225
43594
87506
70155
95414
40451
2083
18686
85492
48777
35439
54750
51317
82674
28728
84001
97712
17503
64564
23751
70678
85211
52251
33925
20867
60440
35686
64406
41768
28176
73781
17398
19539
85345
21249
27521
67157
17086
77711
40798
72336
99995
45290
27618
96869
99443
27225
56963
92753
15311
45045
32263
21715
27046
97664
37861
47009
59577
63790
84299
8556
35640
80451
50293
53227
85991
25433
95246
55777
62376
34940
16313
47474
17343
54080
52621
3739
36041
30994
84369
6644
87508
65187
46144
51553
69068
59543
92126
98941
37082
44807
60153
61493
52018
23937
17816
92580
38321
73484
82123
95049
2980
43210
73366
8395
65187
85889
24167
10111
77821
65064
59967
84009
89637
93307
40196
19762
57238
42943
67663
4037
43299
18014
82071
4577
59605
20559
19892
42937
79739
58688
78464
5203
36779
56968
44071
24784
5056
79801
14743
75889
76492
5619
74770
12586
37572
2499
96759
47837
87531
64719
86391
47554
10427
60264
49531
83653
44545
17079
84270
72483
20146
65057
5636
13250
69065
22171
80578
78938
72879
76011
73200
19351
78347
42051
44281
86464
50438
45370
70653
71873
49626
16468
61760
8432
45959
99963
47174
61743
4905
39469
67571
35605
30752
3330
97622
8253
20054
56999
30598
77419
89050
97473
18595
82294
78591
30873
42003
99762
52716
50821
84947
5781
59873
22288
42124
6496
19321
16482
56349
19809
82373
28295
83728
13673
22065
91059
1756
32208
45360
20255
55692
61212
66454
54119
82576
78063
75189
18377
9586
44806
72118
74823
56992
62999
50672
78618
39568
33645
50715
1646
86824
17888
63447
17814
1429
65834
86917
36632
90283
5055
78969
60824
85680
68956
77890
18966
33084
51486
44606
95840
14903
7666
42186
61106
82266
71998
97493
53272
24852
99358
21337
13898
15479
61930
28431
80622
30022
79898
78264
2255
93965
40306
18145
84077
12064
57943
36682
69877
25485
81844
13687
2077
81537
79525
35979
51354
27955
29499
53869
55425
4716
6999
49201
72510
8526
80301
81505
6660
74281
46023
93213
34952
91918
20390
65891
44506
64836
77558
42427
16970
81077
74951
64365
43842
16127
95465
12852
72302
15408
26627
43063
79043
50015
81828
88134
5300
84885
76295
26836
56876
30519
23839
63526
89421
29555
42291
69691
52244
73617
54643
52355
68683
3401
88445
35609
88875
8099
71124
33139
19301
23786
52032
20885
90916
27339
85970
90350
61390
59780
65215
141
16108
76775
59411
7830
92010
5080
64107
22110
47200
1137
22496
70183
53824
26304
43998
56918
50501
23178
76483
47871
79762
69939
13916
73694
35109
86872
25992
47848
54559
49693
20410
96062
77654
7353
80020
613
22304
92662
22712
12658
68177
34034
54928
61282
92227
77381
44078
91550
92071
52190
15438
96542
33809
22601
63305
43976
14678
81855
77032
26793
24761
35019
85334
59907
94603
36706
25246
17037
68620
70203
25070
89770
17852
61539
80092
22454
1905
58190
27592
57814
81676
69703
10218
98405
2082
82826
66701
19161
97503
91355
15674
83936
11281
16908
87778
3287
61351
85874
99195
89770
4225
48518
36502
36422
47814
10267
71699
64998
91103
60542
7038
12598
6001
90569
4068
61813
33385
36432
80638
3816
6345
58234
11540
5608
62276
46329
37910
76503
83924
56353
59699
37178
59242
70113
38444
772
30108
75185
7790
45197
69516
65638
96642
40292
67151
998
64105
99190
49784
55323
1088
42103
85539
10774
27641
18528
74793
58674
89422
71820
539
73183
51301
12482
51193
38004
33685
88886
19086
44463
11046
56842
47959
81669
89646
98131
6872
436
53025
34
56363
53960
51455
4316
17252
62265
57334
21525
21740
47883
82899
57745
50076
39812
16181
39582
67470
1809
93742
68908
15541
50415
14410
6459
21694
45144
13323
31566
76954
94265
62046
50782
40322
46778
33688
67044
1410
82667
56899
67107
6152
16933
90874
27631
40327
96839
6756
60253
32471
37120
1585
70321
78217
22512
50563
12991
54529
12790
17125
33258
58181
84251
26625
6476
68435
1626
45131
86065
81193
67148
63539
75689
26153
20740
44985
85423
50156
13418
92390
40638
92136
17639
14731
1787
10463
35718
35060
78889
7282
3557
2773
32207
23979
72496
70472
48632
35132
66479
91128
92634
68437
8185
80112
81029
18429
59595
77967
94062
55115
20389
75873
20751
2317
47970
73378
99534
37610
72574
70042
96826
17586
64966
16533
31678
45881
76860
56973
71417
98925
1860
51663
15950
45762
29573
35665
57928
20256
62837
99380
42375
63668
34900
87767
50637
12560
37040
16203
19030
47313
19349
57009
38433
70715
18979
532
57734
33276
87453
32671
11291
86767
62533
52306
65988
25365
18870
99288
52070
9173
60162
63321
78007
64955
10338
79662
63560
30607
16271
80205
92212
19045
11334
24256
63614
62075
80774
57109
17892
22104
63153
72733
37558
77355
35385
72471
52021
33414
3682
67326
62055
93768
78221
40813
16943
48473
49632
48793
71036
1414
66987
90489
92546
65796
48117
9365
51311
18586
70166
78885
12453
75580
87369
58270
43397
46879
97728
13980
24600
14107
52884
89533
8840
12062
42903
75750
82724
75421
57719
8190
90436
4471
66790
66096
21293
36340
7416
43072
7178
76071
59632
57137
76542
17751
70650
77957
4313
58135
98900
92913
72165
31230
42405
45097
93843
6444
6136
95081
33731
61511
73654
99281
36928
16667
1
46413
10788
81686
39224
87501
90470
92193
30889
87362
64973
10330
23110
89094
7977
84619
76888
46857
44631
3537
36224
28011
85706
93361
37936
87197
15112
63551
86680
64191
87402
85198
20992
65278
5020
31953
27406
84102
23910
55908
82634
73053
34987
81904
67933
46903
78734
47120
82650
73578
48592
59399
11398
43335
31343
90891
44526
18998
42240
67797
20726
34761
49113
34806
60492
38505
70150
99598
15912
35316
97977
11922
43031
58956
15049
51803
82964
29617
53928
99504
43986
17338
76847
24801
84020
14202
29512
12821
18537
9043
30327
68097
19514
56179
86033
76730
37758
10113
61605
55460
20325
99110
26392
21468
83355
10656
41429
30702
35508
43289
18171
55598
77017
20528
19644
92
17621
60820
78191
19761
84304
36709
70027
88282
36169
37935
70099
40768
43294
82420
64973
74878
4804
2317
69025
55947
18794
41738
80364
96215
30233
39587
41822
95471
368
36369
97618
33696
24427
57875
73697
31807
49641
93692
70085
18387
84494
54698
84734
14510
71937
59050
85164
47178
11630
35370
68584
33564
97594
65250
48264
93478
6059
31291
23940
6009
10146
70896
5601
29991
30506
63473
71394
68478
20947
5939
87649
11690
20932
59239
38886
93385
20013
94939
13502
35944
32143
16332
51408
3134
47026
19251
55578
30298
13303
20833
5849
18368
64224
84874
42460
80858
21700
32073
701
2665
97695
13867
27587
98364
33967
56787
99072
43687
82684
18974
40419
93990
37899
41082
61141
35559
61899
77234
367
14131
85548
97604
26858
84957
59573
17159
80009
92036
64424
66035
63700
58099
92875
94428
74992
79494
50090
51496
42732
26536
57260
39782
81914
17550
15045
89826
74365
22757
27882
42088
41708
13972
23300
40385
76263
12459
37082
35767
10310
3974
88918
80159
49515
24063
68991
22291
1446
52222
83580
50221
89535
69025
22021
24498
29389
99300
72320
35205
62487
34436
41193
55473
83853
59732
69167
75051
67537
18347
29039
39911
92346
52645
44039
96157
35831
51894
6699
11091
18785
65646
56643
58165
92921
56675
26129
14812
41893
57735
54792
96878
11026
32157
9080
40250
54805
94657
87371
92060
12127
33198
71561
47876
41021
48348
6039
13469
62565
55460
55864
71932
94404
84749
11788
67339
5209
58867
58872
18203
52291
34262
88528
64673
38389
71125
50647
17339
10212
90854
67935
96359
5040
30540
17845
38725
87646
23067
68818
22814
99281
30228
74537
64374
74887
67916
34442
64153
15475
39022
79881
86451
55442
49503
74459
81358
61103
2966
44165
20155
71393
68413
18657
73904
41081
70166
79493
60120
68525
46304
74966
63717
54082
36440
24060
42663
62383
3716
13555
64208
42358
46172
99961
96808
43932
35369
27968
328
52872
76969
90555
21500
24079
3285
864
44636
79639
40999
83469
77114
2139
26482
94651
94286
70561
74620
30132
62538
44063
19087
25592
51619
50557
68536
93118
25005
88426
42399
85547
64507
33379
53459
73548
90126
83539
174
1136
10222
75490
35702
48476
81616
24657
7262
57100
19372
90008
62815
93863
36046
90818
11321
62942
63002
68113
11332
12938
8016
47662
33260
71009
77373
67007
21519
33564
58642
14248
20434
54353
63661
65244
99659
73918
57786
8744
1224
33801
75467
21552
76317
39804
25271
88973
37339
29252
29763
25211
22348
65785
87833
7163
45473
97443
87550
21467
60351
58870
1211
92348
39379
66167
51412
93389
98399
46560
98332
96200
96661
78856
13735
34784
92027
46460
96420
65186
31047
36515
50610
58393
10465
42667
33297
16010
93411
21072
6112
27449
13459
60353
70304
12749
33577
47962
86742
91768
34393
52444
99196
85793
79601
75540
61075
24274
42579
40799
4134
59313
40311
58680
98781
53300
56526
99479
33529
33158
87324
68019
25107
37614
95610
45582
88152
22404
72708
69858
29485
32511
27640
89679
31532
89527
9762
48969
2748
45567
69966
1044
13901
658
84300
74812
75132
43011
54707
13607
60991
38333
86064
79727
6742
70106
35402
46681
58925
46611
1629
19712
76194
19583
93319
28207
84250
46463
44147
83337
57650
8350
34461
68710
60714
25101
11993
69199
89309
79117
81847
63147
2827
65546
94306
42605
55498
87934
15419
67970
75070
12358
30307
59591
22196
65088
93666
91018
57911
52656
72009
47889
82163
52306
2829
34558
79071
7456
39487
21176
28935
46700
39956
60093
25281
75186
48583
56846
46498
50958
50516
85625
92818
71026
78363
83964
13017
4802
39031
41965
33297
93045
6163
74404
65808
85474
865
77997
84539
97586
87566
29516
72684
78327
34870
66219
33423
77840
85448
24451
17787
72394
38935
83724
21222
51821
35479
27792
96583
68368
64459
8729
7693
61874
91690
98118
14360
57567
32861
14464
83028
78651
83056
11516
10474
370
20383
26536
49319
64048
11472
37367
54182
84705
71859
22513
2366
15711
25710
93582
18070
94151
96070
6043
9960
33222
33086
88165
97889
29315
22319
77110
63468
4722
52460
3885
37087
58307
8124
24179
80617
60666
80855
54391
3299
53654
52181
14215
49496
78510
47582
52088
13797
29641
77785
99102
90415
9470
59336
76455
46457
76294
99401
74425
12660
19493
1912
35645
60881
8357
18609
7079
89149
13110
29812
3677
97981
52696
5489
21589
81749
18424
79561
76074
48428
69743
6879
5225
66198
79062
29449
90129
54495
64311
49499
81466
69626
25605
43551
19261
22671
95034
24695
42779
97600
93041
85421
542
96041
65706
8818
9265
990
41434
465
52334
95829
96097
63743
80680
13759
30741
53008
56132
32769
57269
58537
19762
54956
23844
94246
83663
69591
3874
9977
3962
1785
91989
90805
57522
5884
23772
60894
18347
26055
93562
66785
81761
63835
45500
55927
16967
47182
18646
16113
8525
19023
68141
87401
21182
12698
73732
42148
45856
74539
51327
90002
72439
76718
5457
39725
59505
58317
38910
39094
22114
3643
54656
46512
96585
48799
40400
14573
58917
69000
19682
60248
70742
92369
54657
81638
86564
11688
83524
99708
48179
39256
95429
94765
34540
16392
9035
99820
49429
96766
94812
2198
28005
21481
32207
12215
85104
67037
38450
22159
14009
71389
93415
68539
59887
94273
73498
20611
54011
48400
66718
62493
54330
13193
61235
49038
60371
52344
1200
13747
35586
28318
30094
53088
82267
72355
36841
10746
55723
11477
78406
36427
57209
49327
20819
61489
5467
46731
29380
30827
99050
8081
27605
87587
6744
82150
80171
35134
87020
23688
93049
34784
45188
76057
13600
34097
82323
38112
87628
8955
92922
365
60585
30311
41370
18546
42036
92970
41692
18253
11459
31250
92341
97605
26256
39478
99648
62040
74626
12639
57655
84184
45041
51408
60019
75093
56314
51700
5667
77932
53939
48003
16966
26255
48023
56783
96350
502
22196
98289
41499
55927
16144
33374
63161
51211
97886
46502
54810
22
44593
53443
43830
84326
50931
71387
23696
42839
52739
13669
48589
83848
85651
49818
97567
35401
61435
36273
91561
97225
48048
90500
70745
76692
59825
30487
14089
6579
19728
48991
58304
52607
56240
47783
36787
75460
61289
5837
83676
21633
19907
77057
64836
24295
22760
27368
97413
76663
63819
82589
84792
32407
58006
51074
43588
88119
86870
73902
96148
42942
35521
28870
77523
28905
86590
32503
34184
2886
82372
35541
62619
55840
47924
763
85967
38826
56587
88388
67700
22046
80662
40667
68138
94020
6336
282
88241
35713
54404
48438
18894
37935
31164
8027
72257
33744
45962
33815
60266
90404
72286
83598
53928
1841
16874
75545
61481
6325
13998
19246
90049
97191
72925
52527
57623
58796
64392
30572
16989
59333
1846
39604
44467
57647
91
60091
56570
47192
9755
58838
84448
17526
65797
93834
74412
26199
44031
23224
96605
63011
39560
48781
16598
44911
39625
53096
29261
16891
38021
7893
10917
10463
4766
1317
26271
51555
22359
10840
20358
55446
84786
40891
68213
81523
66694
90949
9671
2290
48930
62933
91773
80026
94620
89189
15079
89402
81954
28288
48286
69831
22295
67935
61775
79380
90925
77514
15679
74760
370
4395
64933
89661
22717
879
76725
30675
9442
3066
55830
44314
27876
28607
55732
17483
53778
56949
74545
17342
99570
57453
86584
33329
23957
33135
35916
89886
48293
69846
1613
66660
19072
11462
91599
98970
90228
183
97835
96777
60288
72761
59801
59687
79609
50265
25492
94783
1698
27037
90770
32057
18299
6470
74270
93870
16658
96996
82932
68086
72578
5486
13583
99799
6978
12257
83646
95872
77773
22278
33572
77031
67892
19047
22443
49346
87344
32749
16273
63801
71014
94708
71382
75218
21165
21210
15172
21207
60075
96487
43923
60449
70169
75004
27315
82744
33919
17939
95773
95258
84243
62939
2014
64408
25084
76644
32749
87542
4763
85897
1518
53545
15815
27549
88259
29470
39043
88559
76437
56697
16747
34260
67660
70782
94241
43207
10099
4590
87079
99887
14576
36481
21096
99183
83660
20663
58212
4451
67073
37474
61859
55832
67941
39616
47442
56210
46825
92305
70413
62934
42471
35001
78322
14876
89769
91555
33745
9824
80378
67494
35834
38126
69103
9638
93968
31225
57202
9988
17083
23098
91036
52467
42929
25496
98921
71042
79247
77427
86321
16827
48636
31978
6351
56116
79082
72112
36891
59877
17331
83409
10841
35568
83645
57462
81468
20500
36772
93726
25221
25493
99340
8788
11299
52000
59260
4724
26616
50146
59117
96283
31339
30916
84960
86132
88281
32917
64823
91415
10414
91035
93666
10529
41424
82717
58524
70866
60042
32244
68607
25209
30880
51797
36498
51619
91597
14948
18711
90986
65184
89926
35531
13326
19492
97204
32151
47739
23870
57337
53261
71771
11595
43838
56017
71365
57006
63022
5815
98526
48853
56299
78322
38734
65735
96274
69954
18309
39264
68462
93927
50135
24400
2122
81097
39628
7529
50792
4957
5249
28152
44323
32425
22330
46065
68853
97165
56439
75573
9234
80635
67151
31933
81727
4369
68886
70364
73888
79715
79315
68516
70264
46484
9346
23119
81042
68002
98202
38606
75850
23720
23440
73668
20927
77558
85408
89710
36853
67937
64629
34821
44079
96386
61195
5499
61802
73890
41926
5621
97155
9417
8605
74631
77207
50050
75157
23717
18099
11245
26370
41324
35133
27067
16437
36479
15231
10141
4552
4493
41939
98150
84831
54313
79704
62705
98703
23427
13511
16883
29764
34262
91459
13870
19499
84290
3448
95936
29822
93030
99162
88229
75198
23057
33425
17026
30898
79367
13993
78314
65221
54765
40935
72353
1832
27646
20423
39953
75922
92808
30212
7592
67812
45608
89464
29501
30516
79712
12750
14116
18464
96129
34912
14699
92549
66492
27786
71794
83749
57124
14899
99014
76842
27700
48936
81369
75707
85568
27397
90118
31840
34178
59798
10321
30854
38010
94790
7006
3232
3593
82679
52811
49515
53336
80842
49856
7987
2951
8534
77547
27279
45590
5892
17087
20606
22876
61394
55284
51347
7645
22792
2304
6682
63074
43283
11863
55581
13860
16040
76972
66441
53922
2697
49181
93142
78827
9003
84353
45571
90221
65452
5926
83948
16073
39556
4253
70812
89406
30555
6778
40308
9118
74383
84458
74651
53683
71877
16354
93378
71605
18774
54245
64792
28807
55534
79089
19112
76064
52314
54925
86463
21906
94915
6688
9132
71278
4842
34740
32934
23314
25452
98681
85399
77565
81053
17796
22319
48023
51485
15625
52319
63558
62572
12840
32729
17104
74790
50522
52821
9222
21394
41692
48064
74736
66605
64620
57418
42323
92854
43379
99299
78615
15584
89099
62007
27888
37477
46315
82779
30782
57580
27520
65978
15936
13048
32905
42706
87226
17046
57386
63632
4191
56068
90688
99583
81271
56805
97802
73931
27451
18956
30201
63782
11921
35184
30382
3795
80508
98313
38074
36700
67743
58710
50036
39646
45728
58097
17728
56201
20501
68324
94338
99475
2699
16755
51048
29736
49142
54160
36774
15517
6679
24671
91705
62352
37369
63099
39544
71116
73945
41550
41521
66350
25829
49025
91592
1954
87403
55336
46623
76492
50898
76447
18878
90160
3099
81547
61547
2564
31699
8587
60340
48297
66428
96364
61841
9336
48179
94684
72459
68906
32904
84934
56896
74010
67434
9803
8759
79357
47905
71598
33882
44964
72150
85647
26692
89173
83349
39560
61405
5920
69895
47428
4996
17253
16386
32506
22936
7191
98626
81786
87235
98504
54180
94519
50375
67288
76913
32357
82778
288
11634
7340
22397
44017
15597
89093
39626
22357
80731
29863
42435
33161
14142
76390
11456
91905
98980
1236
63610
13274
72167
2775
25425
4670
73443
38233
94625
42394
55103
64199
60756
37537
22036
11455
19786
49298
72796
32605
85768
75260
73009
30086
22410
88019
23021
84871
94967
96782
86947
17312
51801
29412
66289
81555
75429
45574
88737
35696
33390
46362
19497
30110
95620
6789
20104
9638
5048
5782
76508
11468
68523
46570
53058
42728
19403
28134
27637
36901
15304
29380
84265
80232
59699
36490
87763
11247
23020
45766
81611
36780
92901
42792
13407
97851
63544
17681
22633
64597
5637
61561
30699
96261
8000
90545
50008
4
93170
9393
69963
77338
12431
79151
24186
50286
6119
47453
36589
85755
34193
92555
85344
32943
50163
37679
22625
62167
33706
6776
13626
8634
7433
69358
90190
95005
23379
21941
10241
1478
83767
45399
23099
13126
1784
73468
67404
51922
71478
93526
75101
87620
55061
36203
73033
22445
52431
68694
34216
59941
46560
73028
34643
93904
33054
71138
64414
62192
85780
16296
12449
4956
6111
84459
12106
67939
84198
14032
38825
19546
66315
49498
225
90450
59780
96897
52477
51739
11566
80869
89875
29959
89571
98361
97005
82654
99077
78041
68819
11383
18051
43753
30997
20973
60856
45652
31263
42100
59717
62877
19556
24669
31213
79159
66952
94117
2282
30630
77481
62586
96489
92251
43258
19006
89767
9739
16949
35063
28465
66401
11208
6069
52940
41776
18002
98360
93577
9615
68703
31511
64902
90985
64719
36198
53426
3969
1127
67237
98341
64997
63854
85639
60451
93643
83884
28168
43779
14601
41615
41459
32241
69473
54119
13958
6139
11515
25077
23184
58357
89708
49327
72158
84001
90362
53559
66262
91970
23153
61459
3733
52144
1127
84355
58244
31816
28372
57327
49975
79293
13448
96693
36064
59338
34149
71272
76738
8920
26173
93325
20469
82040
92186
42497
33419
63265
7128
64622
73338
79813
69165
11296
31609
88730
2140
81331
43985
16059
25603
46350
98732
58925
27912
79422
1603
41642
5029
81232
41983
82044
71829
86016
27321
96322
80976
99483
62777
792
51292
56507
39470
30343
89411
48670
88332
39723
21825
30413
98863
55144
25553
49171
93801
79146
59225
48581
79654
99265
20701
18679
15417
15551
64898
42526
43946
67162
86666
13659
36217
46274
71223
35844
44996
47933
23212
42993
56643
92796
49148
15023
8203
74615
47833
58381
48066
20756
32037
31266
47909
99996
94027
78265
89331
84870
27642
21547
37595
67744
33154
11531
86361
20481
50458
91319
67634
93437
6408
77575
86176
88730
22722
21893
15640
58226
22749
92209
25578
65328
64802
5158
22537
70060
60083
48376
46255
27389
24394
48704
70880
41176
52041
36165
42354
10508
9418
982
3974
88149
92399
7838
49808
80197
90683
39647
86579
21955
59612
20695
99801
50214
98827
64575
9299
22374
45407
37273
95450
85676
64458
47557
80593
77274
70254
86532
63798
1716
54449
90629
96953
60532
40463
2433
63524
93579
52019
29920
79681
32204
47415
129
72783
11651
57749
18383
43158
37550
97856
56540
9662
58570
59831
82319
70747
8837
29101
63633
42944
95265
42077
82067
24612
25047
20410
21662
807
29672
20991
47696
89472
73020
24032
5486
67927
65977
27619
40628
40212
87340
37815
1179
21106
44568
70964
62899
69878
53471
69750
97856
25727
35471
11007
59795
91809
13082
44822
78981
68543
74608
26964
70439
31130
93127
1735
48560
18491
45781
9495
41877
5371
47149
91676
50674
89742
61146
85774
21057
82493
6427
83623
2803
66768
1517
34586
90886
28033
68092
74214
32965
57981
85455
61727
77671
18357
11092
20101
88332
89214
16161
3996
90612
44659
78590
53155
94748
41034
50382
90773
40450
89258
6022
7864
61376
91237
2973
83755
3221
65867
68418
83356
57739
60105
61439
19028
63116
20431
26934
87869
67900
76743
32082
72360
98433
51627
62909
92297
97776
65949
33297
69134
21666
36153
51418
62211
17112
43101
84801
22559
86883
96560
58099
2312
93478
18861
76158
98490
10159
76520
72609
83851
8781
70281
20914
47686
34094
32921
42313
25175
87872
24642
66338
70721
76559
61624
8817
46380
46034
96547
38651
39769
86494
85105
99018
35302
63113
71395
16607
79977
90277
21282
41660
57917
15083
83034
31582
26552
92690
61566
25390
79398
53157
80535
51514
38272
76360
59468
17994
9799
35497
82715
86442
97332
57542
47407
34138
40209
10483
57513
80930
29571
75982
57261
8621
93886
36514
53665
86432
87582
4596
88460
33891
73921
65133
22877
2566
22389
60903
57897
88299
81520
66493
94589
73182
23522
76888
34269
18692
60139
78891
41347
10230
26044
42102
66086
62783
7222
55990
10484
13055
35667
29035
50942
4996
70522
18740
76204
76053
75261
497
78523
28308
51699
40786
58460
81826
45895
40774
32015
24211
24261
61801
50400
8014
94543
87412
58501
23184
39495
54930
8906
47232
85555
71299
30212
66465
92750
3288
3078
58555
69930
5771
88034
48131
78997
86632
27663
80714
53092
15796
92234
11996
5260
9052
19031
71111
98767
28224
58025
63516
84975
57156
10916
97070
2175
58891
29419
57203
89764
73109
39336
96280
92977
28034
99386
30020
5824
40279
63181
69222
45740
38550
96868
34899
98891
20916
14320
57905
4691
41307
7647
60151
87923
86349
70568
86702
52367
89833
81611
81182
48194
15830
42719
505
51410
5270
7058
61396
71045
68972
50854
73534
94924
88882
89610
36795
79937
99439
8278
52410
70816
23943
62578
21411
58438
90014
3902
4803
82880
60428
65233
77071
58770
62271
55194
97974
96326
97944
76423
83840
94471
97475
49228
51223
70907
80824
56719
25188
49533
28500
21585
32123
53272
67474
96800
91505
50034
14142
35210
26679
79901
27167
63554
93024
41751
48767
45452
13432
39054
8040
63001
82459
64626
90329
10368
17232
97914
8584
76700
11012
22354
34303
32344
17734
18204
22339
44476
34164
80865
88629
52863
46716
93147
72680
46084
48407
64316
86707
48623
59797
28102
12317
67090
10996
77179
67053
91594
85197
77310
18208
71553
42523
31763
44548
54890
11341
65349
88168
32629
39444
93081
30462
82635
87332
94755
9795
77358
17362
5006
77232
1013
65702
75323
82867
83394
74726
26072
67268
7555
46667
36946
29544
18895
77139
68955
62073
24464
40203
91274
91892
48914
38609
23754
61918
9179
1905
33133
89868
41080
53553
59146
41710
33277
29271
12318
3069
99301
59279
5151
16685
90587
13317
19416
79540
77804
56733
72147
50191
90430
79389
80587
33117
48632
44592
34196
14814
46907
64939
72417
36550
30554
22361
86158
30678
42951
8568
93422
11648
94083
42333
84697
47220
75928
45204
20189
27994
98458
5363
71282
49536
96486
59501
48652
73311
46374
42862
11446
23257
47648
81065
92663
57267
85232
60818
46474
93732
18906
68353
23106
76779
49242
99766
3098
25209
68248
1852
83290
81751
4707
9214
19612
46111
31435
67041
2503
46728
61663
72266
52732
76576
70541
75941
46802
81221
91103
96244
86709
29427
33726
37766
42844
11699
31169
52318
51569
21100
88480
77566
73957
62295
8200
36786
15911
29941
44646
89846
55915
97766
71082
85512
38931
3995
33127
28843
14076
10725
68421
80090
33505
13638
60079
94446
87130
20564
71654
64600
60469
50863
80280
13265
80531
85354
26541
95738
26157
18792
75207
49604
11770
71435
26706
88252
19556
42629
35731
29466
43254
67193
46729
22962
98385
46481
49785
7830
25851
50926
66477
69578
68225
9830
61330
49869
22523
47993
9063
27736
83401
71438
79652
30365
94421
82756
4418
72628
73685
58285
45935
80370
90902