4663
77898
46089
28734
6445
93693
19160
89588
29903
24497
11462
14589
15267
6569
78138
70907
63028
99983
42186
4049
90177
75451
48925
98603
52775
84321
92962
79179
51651
28257
23832
33450
46570
7308
59082
33467
49606
74137
36332
56606
30746
56353
66750
49261
16907
45250
4198
19805
73939
49549
96021
62908
29651
77934
98400
93068
93937
66280
18022
85026
87927
34939
73841
48826
57697
60612
73529
30572
88539
21705
83740
97258
319
80267
3449
87187
42014
40340
68506
19285
14895
15779
51909
75594
65065
88977
64793
44301
46234
64562
28126
88113
91053
30287
57381
64836
37838
750
64804
66484
86393
47029
27994
28400
95050
3010
67814
76609
61212
64998
34122
77716
40353
97420
48771
69719
74189
19694
53209
4008
10597
60051
37545
38120
49910
25895
42047
85036
28365
66294
21557
81805
91203
14057
53872
91219
7582
51922
85990
92893
25010
3502
76400
61075
31874
74556
7967
26704
68899
9125
95107
11261
57768
713
74582
81973
89768
65831
94863
91486
1282
87603
7525
5075
14349
27403
68363
88319
21361
93795
7581
56745
50243
86767
51978
97808
1291
63792
22037
59942
27404
79657
58090
82414
46507
74036
37441
79665
3255
3145
60724
53446
37547
49748
18182
62293
81672
13514
13325
21300
83010
14051
28272
98767
82692
51910
45303
86927
20833
97453
64086
39137
91410
75796
16251
95608
84737
68717
57683
14235
46901
42690
93495
2812
59353
22183
22185
67615
42961
52899
21878
92338
84986
99633
50732
49393
98587
67322
83588
53284
31349
54003
69784
33142
52155
80119
96058
1537
81971
82275
54843
10928
65
17883
26322
49224
63895
63239
28588
12870
31257
1190
75256
69841
76907
50275
38243
76067
70691
65381
65577
28715
43616
17171
11062
37995
43558
38866
31082
20600
23993
62089
56534
53562
91236
43563
56037
82208
75046
97102
2069
54794
42963
58263
58314
7575
32539
53810
82707
62205
33395
44743
37937
46374
49665
30852
53746
91205
19719
73657
92140
2834
8057
38497
75440
2312
60230
22226
49692
10758
61618
19252
1824
196
5368
54531
44152
30978
93643
59504
44108
37263
88702
90598
64230
23577
30320
10090
92440
1713
89009
57239
45535
68912
31432
99069
80234
19444
29880
94518
92905
624
2264
31030
87975
37532
11172
32842
15307
24494
51084
165
69252
93001
44256
3351
94116
21143
11467
1790
96027
15182
22038
20557
30637
96616
30716
78930
23451
44931
62329
23340
36280
19893
91826
64391
96789
3409
22029
68367
61439
50572
78872
36369
36247
68895
98109
69793
42309
14756
35189
88531
63113
86765
98011
85446
47388
87532
58874
13490
72379
43777
33056
98602
57502
16582
64840
84219
79337
14476
63678
87780
74345
4984
14483
53110
13775
69782
84640
5342
40631
37537
12698
19470
89661
1757
83467
8616
46060
77266
82995
18516
80126
97648
83148
11530
44784
62390
99707
11095
580
11902
46910
76158
20884
54193
9128
37985
13393
82966
35737
24647
94078
60443
78410
32220
65322
24538
77293
12986
80003
14317
64851
73419
38790
95676
44272
39622
76572
74214
90743
10962
96133
93259
21367
24756
63421
97524
46468
52532
2031
64727
45496
26069
97357
77030
79802
85770
22519
34662
53848
70963
25874
17742
77331
47929
65340
23326
45178
76854
17430
73990
61062
21769
10207
92859
38311
95969
31031
48255
85517
74071
78700
91901
85421
66602
50976
17217
50197
93286
18577
86374
87134
92914
43950
90755
20823
46519
41431
73084
96063
65888
20127
34980
78835
26319
70902
14638
81867
7295
52067
61348
10215
73099
2662
75623
73540
82890
76661
35426
57223
46117
34211
7871
57805
46744
58998
84744
87647
97005
27826
77407
61098
60722
86667
72684
62185
6246
8750
92539
23939
55777
90048
89899
72098
43048
68254
78023
36902
87697
89399
39576
32543
74976
50942
48370
13305
18490
19027
49340
30182
3680
86590
90774
68528
74977
54411
50387
54719
95596
57527
87484
94023
57607
88298
29014
87669
42494
16744
40878
22842
68174
90134
56736
76879
91750
51513
13624
64926
66434
85264
60145
57412
34462
69444
41063
81883
14075
4844
43318
8476
12121
51306
29097
41304
7383
10803
32629
65045
85109
77271
43211
90879
38719
25442
72605
28641
3396
36280
65531
91529
92794
3817
8405
59677
68408
45534
21067
28722
7423
48419
72226
78812
57204
91274
96322
5806
9470
75212
85728
18163
95189
50424
38476
20274
66880
14583
69254
61771
13293
70096
17527
85951
89883
29956
25831
33452
25876
70205
17428
52884
35207
38179
85117
86492
33436
63904
91721
41617
64786
9712
35396
81796
61324
45505
24723
49389
68059
94924
18989
81544
28818
17201
73923
82843
24271
74074
77580
62696
64408
52492
8924
72870
96752
56207
77822
49467
90317
55673
38606
46806
77971
85736
70481
58926
89405
33348
20477
38241
25340
44807
9604
34065
95090
41565
27798
60190
3920
26240
75064
22842
64818
86159
85112
91390
59242
4065
11354
43566
63309
41780
54524
57815
87633
12660
61260
26565
69084
5723
7874
9091
6306
79488
80618
54600
21612
46180
57341
8409
33344
93126
35168
79388
71221
25771
64660
98566
12181
67658
97308
67130
54313
36929
51130
97091
25014
30676
25794
4688
19156
32604
76683
2020
33067
3985
91892
95845
36258
44904
92240
28518
88452
70953
74716
1020
507
69430
82276
33302
61327
96719
87692
56464
15428
33531
655
74804
9613
64462
19169
34988
20862
51648
44240
854
95830
65158
43874
92074
37601
12793
76258
19673
75314
46767
60775
7267
26636
10276
92058
92918
83813
57910
20708
49532
78682
23704
66143
36055
65279
83597
70566
75255
82726
32420
15824
91245
68919
66166
6350
31639
29511
47495
83496
83851
8918
42854
49939
81626
81463
75020
81140
10249
81994
51862
5935
35599
62190
87310
65857
51283
40614
6438
74547
84024
97362
14828
39422
24897
71301
57599
27181
34470
8520
89317
19248
33786
46543
9671
85189
47870
41351
66428
57592
16919
66239
67308
98327
86838
31171
81931
81303
21601
53238
89443
59214
80819
23305
63025
13495
15402
91299
79163
59079
9734
59676
30918
59033
91440
35179
20269
59106
21524
27694
17381
2409
52993
38263
81979
35395
33400
57367
2641
85562
35526
54235
98775
64789
76592
86671
48131
17787
18502
7228
43438
70483
18794
8336
51582
76228
76776
55158
95645
17106
96125
95500
40754
94994
41225
58856
25831
3840
8474
48788
45144
22442
21961
9895
95269
1821
39472
46536
26293
64811
56768
78192
71600
80306
97407
77367
90721
45934
22931
2117
36970
66270
74845
66608
2979
59652
86415
6981
16743
62022
50821
57101
51209
5298
25557
60163
69700
32139
19624
22357
97278
93437
96628
31342
6792
75375
83767
92534
70721
61886
63791
94379
15516
43550
17559
86647
76478
54184
47176
91021
22177
64955
30969
50058
90990
85447
12871
7699
89276
16193
45414
12885
72806
88867
46911
25932
64157
85749
96666
93924
89044
40586
61847
77339
91026
78968
44704
46237
52151
7050
38909
20900
34913
57278
33809
64860
53894
43432
73980
8289
41689
20401
99505
17611
6581
72347
93422
5095
95814
50199
56009
25633
96693
77060
5601
22279
53044
71151
22473
88018
73224
87316
64089
77352
81264
90441
60281
25185
63098
89224
7231
9233
56286
72566
93594
90088
42310
67879
38927
97968
13705
52067
9488
87546
32024
2547
27641
77089
57849
77937
77418
9971
56684
80696
19951
18138
59958
26688
74622
23290
44040
85611
39228
87383
4150
79423
7830
35520
78913
36537
5473
28107
83365
71780
9903
87384
6619
30804
5342
63293
96540
79617
7850
47105
40628
53302
78947
51984
16094
55857
15994
93347
3943
29940
22464
33897
66181
77742
10766
46710
99519
32479
5324
47203
87925
1858
20882
13064
58982
73537
43431
55872
19079
70009
61427
64258
36061
69336
52130
42114
59488
91601
83682
40738
28228
34821
77060
12828
82597
69959
60795
76848
15490
32781
9760
73292
24747
17890
93948
70884
97490
95361
99202
24273
21704
85071
32382
8003
3287
48889
1096
87996
79593
65308
94845
42227
37572
11374
56484
26678
3440
39928
20812
6784
73861
43333
62796
42049
1607
42526
86026
97074
93925
2084
59174
67637
17684
266
68327
36744
78675
15304
48731
36376
95822
6520
63507
32362
90833
57085
76951
93237
72798
6697
29760
13721
77445
44392
34853
74976
20532
99287
63405
65185
53163
84750
12754
68502
97432
6519
9146
95738
40887
57310
80071
248
86185
61164
98638
63648
91090
66311
30012
29890
15461
80849
89869
92165
58559
10597
41172
44466
23030
12716
13707
81102
58230
79718
89907
85511
27627
15434
35028
43687
23519
2937
2720
15405
3205
20836
51259
3749
67957
41878
65385
93178
14867
62091
26404
71811
74869
29640
63436
84735
70599
49968
21914
97752
57331
24861
21184
35771
92032
19092
89719
24533
71626
27288
78610
57928
92842
17691
98889
5618
37950
99884
52919
72484
69717
47093
40064
48599
91274
37896
60786
46963
52306
33883
7677
76031
79734
81484
11639
92408
11571
58646
94659
2992
83583
67492
19741
31690
25499
57363
27512
6949
79487
70482
68170
43940
87963
76721
28156
45638
53342
608
94220
58534
64648
27852
44534
75102
29232
58929
10776
243
94971
51514
31678
8632
8720
28199
95431
63507
65493
37146
61150
28429
67776
32634
63873
6042
60301
65417
51951
76231
27859
76308
18943
12916
11252
84462
16888
12271
68717
30863
56099
60896
82748
68352
9503
99767
909
37538
55411
41898
65014
33304
81817
92035
52953
47413
11223
96402
42091
22074
53331
25318
13089
79395
6422
50901
84725
23013
98068
46759
84101
52531
14791
71871
63592
90309
74463
63411
11523
90386
98684
9883
63767
7240
34904
31784
3819
38345
9932
23506
28744
79755
21800
65562
47107
32323
51893
72168
45187
15194
79211
38039
49117
81178
98203
16252
72491
64549
60188
23601
88635
14300
55700
25482
86238
42285
71948
48566
16383
86814
76753
88852
21636
85518
23295
26325
75346
46379
82744
67125
63010
40347
14749
34012
88579
58356
27026
425
57993
92977
64628
96144
28279
23244
99587
7138
82015
83400
82567
51301
83555
69551
5235
55090
47795
86352
78886
26298
8005
89278
24080
50477
73679
14463
90572
20435
92293
33600
63153
99375
95920
10387
29019
18979
47564
49433
41430
86185
39755
90378
4290
87633
43808
2973
29008
34080
20257
14121
30126
26906
97513
98328
86540
65893
59646
84803
5442
44783
16943
56301
21280
20719
90013
28079
47209
32767
35266
2978
333
64568
98456
84695
79879
38165
54455
13993
40612
71704
3778
51307
81095
69897
32449
89517
88235
49792
73437
31681
18250
53763
59554
81820
44736
43140
5
17691
64905
10761
15738
91711
67461
75421
61368
61130
89495
16097
35564
6867
27463
31639
93802
56939
73888
70011
69760
80323
33760
46231
92817
13101
77344
24493
19906
61885
97749
11638
58964
69940
89151
91371
64526
47177
66840
41342
89757
19572
20024
48442
32645
82577
68990
61859
83757
86171
66573
62584
21667
13527
26499
67456
4782
23013
50167
5487
85267
42904
93097
78268
78355
44339
288
8996
97443
61740
88961
71731
12832
14247
84196
13960
4015
50000
98376
97776
46180
71502
45819
47183
21779
39008
51096
64180
81414
17111
14485
12865
99339
66074
8483
83511
69352
39663
20542
15543
1530
58438
79888
82370
19865
56261
9672
18278
25485
2508
46705
3381
38403
94601
9277
36425
28430
35863
29781
42991
57280
90410
67470
67433
15234
41078
12010
10827
91585
81621
18848
92533
89230
38284
17035
65790
95156
26266
39905
39045
3197
89715
44177
9131
98195
49242
5701
67465
55608
39018
82467
5758
72848
85443
45786
22895
85154
8958
74393
8985
23120
11665
22728
21354
20034
21195
36460
88517
14644
34853
17134
75859
69108
54068
92698
48583
20108
83220
51632
17284
73257
74633
95681
21839
83961
30956
13277
10726
14865
71858
48236
40345
40272
24278
15645
44273
86115
48348
88273
88851
48030
41430
84123
91136
3473
57042
84913
51719
99744
71155
77443
93635
70757
10707
78176
81562
36338
17753
49908
5422
13725
78757
67900
3312
44762
72489
59617
8989
2721
26666
48508
88038
77934
14100
96062
93593
25171
85331
73679
18373
98041
65546
86911
35059
18645
43385
10183
80635
10660
86824
73037
51351
90274
96550
62116
38287
87748
25556
17824
1769
15867
99496
2753
65027
77907
29513
41927
58475
2942
4869
41576
71455
47591
98166
50762
56602
9508
35773
79683
36901
7606
38919
13081
69221
19381
75993
914
20697
5322
36952
7688
81021
75741
72880
56946
7684
42494
73897
61258
85777
10196
8038
12723
47804
19752
40774
38015
95855
42576
35291
880
68816
29394
51532
6312
41260
17086
9133
39835
17807
12245
58111
62680
96115
1089
82009
76302
88992
89739
60425
63488
20308
26008
1167
11823
51678
28286
28421
29703
23205
79946
34550
45153
24680
19735
82982
95770
41933
12921
71690
45936
38782
19022
54341
61083
86516
85599
66083
53994
33642
31003
15295
30708
85876
4327
15701
59081
5861
62440
43768
56408
71135
8336
58517
63107
21034
40714
85655
45360
61329
3846
77370
89843
42803
33744
48027
4900
61794
44558
44950
29713
2239
85366
40834
38050
53519
87321
86359
96727
34049
9201
50117
3214
71082
59820
69944
94454
61596
8215
60794
80721
36012
26110
90538
85222
1587
20721
19152
38588
91990
39009
5697
8863
13764
96831
88730
40431
40478
19269
14131
68138
34190
69258
55233
71282
59011
83524
76985
60323
92794
6687
66899
47153
77537
51837
21193
10702
65945
81920
12886
83956
71502
69505
99317
26418
68772
8
2517
45972
41830
93561
59529
23728
45694
24126
88876
19019
72994
97235
25720
20349
86024
93792
78429
7136
17830
5766
50293
59332
75963
98522
97714
15034
97042
42415
36079
33135
84516
68262
68150
90055
76605
3149
35982
30370
11132
44071
21540
49777
1601
58928
2028
62969
97999
66015
4914
92544
85708
89566
13155
99342
28768
48772
9216
22863
10386
80017
76780
68296
20732
15112
13378
6691
70256
33575
96551
76301
99184
21684
86187
28723
40890
10096
61477
45847
89492
88992
44446
15316
70670
34776
3615
55775
66572
67675
77011
16487
12136
38063
92719
20223
96811
68505
37313
2657
902
72378
42506
28296
94261
83616
47595
95387
95371
19053
33928
28190
32700
43366
81657
75407
29935
12589
64834
50827
26377
2113
4924
6340
65735
36325
85467
51176
89944
23752
39532
24554
32671
32689
75825
41453
29147
38312
38436
41592
84944
78642
49763
7563
60974
85756
10444
73530
64176
71211
72849
82835
15849
47351
15330
77650
43106
58534
10779
51801
32757
52194
25025
20898
46372
60227
27616
64052
2412
74447
76987
73613
39649
84794
57080
53281
54967
89594
51043
94870
90144
22533
35574
17105
66493
30445
39779
7452
81417
99896
22365
9614
71076
43847
32348
95594
83715
99231
55582
41386
97802
76224
46991
99540
99342
25321
65544
79236
62552
11999
15365
94990
32181
76585
95513
8387
72924
19593
3436
35020
73141
29944
57093
38465
11362
54081
43174
45000
99771
74463
42333
13441
28265
95249
9214
38099
42633
68376
79891
29325
94847
66955
2959
76402
40165
20550
46300
30386
89286
5086
67231
53424
30601
56535
46083
55591
63516
83412
33733
4839
40831
30583
18937
58918
85090
27738
68682
27182
27905
75373
25454
28267
46410
3557
8880
49250
34218
13721
40684
26521
43709
43129
69391
85555
95393
49426
44270
29519
71034
76542
90650
50929
98488
36070
61810
92139
64143
22116
46854
55004
58235
15402
36505
62662
1711
26663
94686
64359
1608
29008
77326
70713
85670
73447
6876
75592
17324
79841
88702
69840
61114
8162
34436
71497
89903
69427
95054
60452
4508
80750
47944
5862
20087
98904
6355
84754
63734
2398
89187
51986
59229
70292
58698
5290
59113
88910
15954
47684
97279
82283
79076
17260
86359
59664
94957
78397
20412
44373
34350
84671
16777
51471
16214
23609
4355
42314
17683
87534
60162
67973
81024
67838
5455
70466
22501
2061
97580
33706
65629
11105
95716
92876
73467
88010
55884
82335
42736
22182
36652
46910
2034
54647
54254
96552
63808
4028
69803
18327
8014
24148
8662
1775
3590
30615
82816
63263
96082
90734
13241
5776
3437
12313
39603
42354
67593
28189
98706
24870
19182
33039
63011
57934
18629
40213
13164
15874
90620
66151
3567
91135
91640
44864
73895
9584
9162
39221
48773
20525
54563
59346
2357
63443
178
14143
90276
67072
46297
98026
43004
24643
48230
76678
76461
87049
40761
75725
5619
19449
89914
32931
46673
50195
5835
295
18461
36930
88693
42917
40167
93567
94937
71747
74818
75530
4620
3415
3057
99605
55754
85077
10572
58141
68554
92152
93328
6891
42364
93166
17291
55871
52856
799
51817
63427
74703
24560
47912
82307
63112
81309
69494
79684
69949
44975
36235
10863
44322
55181
40722
24986
2277
36859
4365
6442
62788
55255
29232
71725
25873
96506
2375
22101
7157
47684
66682
96554
66949
76330
18148
72932
8658
88212
14818
79095
62581
22552
2066
61168
31676
11843
75410
43524
1122
16581
65589
50017
76123
15379
41245
38077
3331
72584
70951
9639
1653
26613
21373
61843
47224
56075
99522
35558
25600
55245
35650
65995
12931
12923
62925
9213
43227
47251
96901
20445
2300
82447
31696
39908
85756
87439
81729
26093
98032
27417
10418
32480
772
56187
86946
24193
9297
53060
20263
40118
78970
64489
15551
66130
99195
24329
15427
89372
16658
28801
14036
36935
39643
88009
78909
22707
88380
176
18022
13873
1931
47333
87234
54560
43843
39050
96437
59406
54810
56787
860
98248
34913
3569
68424
83291
50748
29810
26370
58193
21785
18849
60387
89429
25366
17930
57045
22402
14051
2320
94463
99247
4473
76417
14433
96894
71937
20566
61952
49619
86995
22230
76412
72674
48620
12179
40972
6911
66553
61486
79690
95988
16281
74785
38099
60147
10315
30983
49823
90598
52711
32044
85341
11769
84759
96759
37009
41039
5954
92250
35025
97758
96170
49139
78230
23400
48402
38149
64272
3264
66247
16989
80488
63437
57822
36228
11961
74237
18196
45779
88081
11642
1413
41243
42397
43416
48521
37928
89624
90164
53317
77067
57790
38286
49629
74218
18448
77621
90426
25934
60375
39235
48636
50725
18001
55281
52141
77373
78816
69406
54758
62564
95248
77246
62199
89522
20731
26383
69793
53015
63042
81405
54797
61878
69658
79353
61634
76331
14376
10288
72463
87242
26969
8041
43801
19892
18900
81485
18727
21510
29585
65869
27508
97568
20552
66462
13949
80484
68712
63687
83786
41793
3150
73849
43633
11397
24430
47727
57027
63450
99825
19055
34079
4064
8628
43385
6709
30170
38045
30783
44278
16934
58214
65606
22129
43176
28187
41015
39785
84920
66684
16531
19859
26909
71134
97164
56048
87889
78160
78297
41710
50567
14240
71784
36941
33249
96545
66203
80562
16418
4008
67366
5572
43959
82018
99868
56931
97412
18467
28523
51437
79227
59008
35418
96195
29672
2839
12708
90745
73994
34161
82932
54100
62056
23859
55592
46394
54973
13288
81826
68375
80601
60909
19061
42109
28988
34656
45022
11729
45558
59544
39590
84887
64216
83487
93442
48829
91115
85381
87718
75639
20535
76581
30336
19612
23454
98513
3373
36852
22039
74211
57503
63930
65113
89010
24323
45276
1469
8504
33077
53066
75799
21243
22357
26897
58546
61937
950
84636
66837
19943
2838
14610
6274
56418
15039
81985
93712
30701
18703
99347
53184
92154
12735
21175
91525
39764
44479
95766
71870
95683
84221
7519
84455
21841
5785
73317
43110
46494
85488
30606
73369
33025
38403
79241
70263
79989
11728
39288
9818
83060
55976
72984
26470
42788
78124
90195
43203
27919
25732
75148
30081
46410
6935
92235
83181
58876
93341
48048
17290
42076
6415
82896
41728
44268
4889
63035
85202
78032
326
49515
21641
21779
1738
27412
10164
13012
23343
82726
84029
29713
3313
15739
62809
84664
12106
85709
47692
8779
56790
62945
551
26119
60455
20076
36535
71764
16637
97567
32594
2101
13482
96874
65962
75204
55486
14082
99466
89082
75082
85258
84272
38438
42676
49849
67917
40347
22534
27075
22523
73760
72174
32964
59872
69172
41408
62066
4657
4274
94314
50667
18852
52086
51854
87834
57766
60906
97787
45535
49904
61623
24265
14413
20821
310
96298
33757
29321
59471
27216
97876
62851
16075
47190
50850
38984
81616
7098
57729
80151
74177
73633
13141
78901
17569
52254
6686
25895
40677
75006
57153
10978
16027
36630
43805
55249
56114
97501
15257
4117
46853
29629
26089
97228
76738
87642
72467
60071
66078
15421
28543
35536
53942
50169
8103
97188
92534
3464
43522
43619
49177
3189
38575
4215
76703
65569
61648
60011
51388
84438
9231
75097
61294
6677
98897
67101
48419
41123
14551
24950
78243
57442
68286
75337
45667
36787
31055
44699
4046
64133
72469
47089
39020
46841
18948
12715
427
79788
42994
59602
95281
2995
16246
99024
78686
41698
37364
74814
62143
44873
80269
48865
6979
62568
24928
82360
20406
18631
45681
15600
64725
25483
21328
69955
32249
91158
4850
89471
61204
97355
68497
93126
22926
14106
14652
67414
99590
15136
9552
55706
74359
89590
12362
51045
96055
4307
56882
16982
87170
13424
93679
2951
40254
4554
15399
98193
5858
61968
89785
29276
49992
61053
40561
85408
83
79698
26727
76309
97242
19302
91678
67048
68601
26595
61593
33711
3138
92447
83048
54307
92053
62032
97448
30117
80959
71815
33157
7026
1896
96750
77238
18963
45800
43409
50829
494
56323
50082
88801
14695
71807
22228
72615
3572
83210
95427
82715
1207
51559
32562
61321
85559
25260
28079
45030
53985
28419
67262
50005
34946
67737
39714
96340
10351
57158
44364
85012
52737
13155
76897
58054
29659
1
26318
75030
19217
46179
74825
26238
57126
39058
74068
75263
13844
85646
81128
56595
89665
7143
69784
10533
62604
57000
9618
78870
84247
17994
86838
8374
20152
20181
2328
58483
54938
58420
20957
43156
68153
95059
19911
84811
96011
72560
70690
65019
90478
58098
16201
76491
52532
83584
25793
13990
72265
26340
28098
53360
17637
15343
10879
351
57312
40798
60076
31226
77865
46353
8961
3326
40965
84302
43310
73441
44553
61694
687
50633
71275
80881
61001
29201
46325
87528
28261
96006
29701
12929
61433
15115
23724
6443
37470
78125
82777
37087
54208
53283
66424
24158
9784
3734
8529
38048
82216
49520
5758
8019
57703
29385
88786
42779
39959
19447
10883
99860
91986
77579
96819
70350
86333
55511
50500
48140
19175
31211
97918
11537
4767
51721
71229
50267
80798
27469
79184
57355
28262
71775
61666
49915
4713
36266
21627
92182
94121
54935
54695
99145
10881
66471
94523
70130
56006
2408
97955
95879
39623
56392
70364
63357
26032
64483
61320
24956
98646
81024
682
72708
59909
31857
11297
24393
54550
78843
80741
70237
32374
22816
97988
62781
23600
98442
87108
24
50697
42626
93727
73239
2285
34675
56755
13931
19882
51008
91339
3474
32872
65
31172
45229
81585
91499
10036
62780
18089
75004
96268
78456
46568
16697
77789
39258
21688
21307
23423
10289
43817
18361
63211
12535
3612
34020
52176
20892
64960
18759
29701
81609
68306
60439
39630
57502
40000
21306
78150
92253
83195
62761
90173
69332
17774
30993
49154
84114
22863
81466
46432
46511
17171
25726
48829
56386
29196
60001
98984
41638
8230
49614
51940
16085
70029
97028
81519
7880
46059
21030
81568
83873
65740
23893
32381
10825
32209
73432
36037
13313
87862
52967
62858
96249
17224
45006
68852
78154
37943
38775
74948
42415
75881
35963
5166
45210
78183
70281
59785
20969
8739
80624
91227
98945
93378
79244
55171
98355
19656
6529
12772
23802
6048
3818
51
87574
79919
47451
30083
33464
16406
63722
20163
51410
27524
56196
62197
18705
98411
74227
3563
5625
4434
32333
54264
76859
35601
76654
37436
74303
53006
46570
39129
21569
3023
52137
54903
37681
6889
10583
22517
7017
16613
96574
79195
36916
91211
20875
36146
551
41907
59567
21013
81908
12563
54502
47654
56865
15846
68533
95380
51302
6748
43086
78064
12032
98289
31577
642
45376
33357
46455
89246
45475
84441
69866
72706
14157
9545
68483
39801
88643
96094
57243
27972
58051
7870
82261
44385
65775
62530
41671
27373
17817
65609
94122
5407
93101
15835
19313
18827
81998
1118
57087
56631
49198
72135
98692
77761
64354
26518
66026
30128
83309
10427
48658
9972
95626
85194
36091
141
14572
42441
13714
14499
3707
18665
61831
45164
29947
16216
5026
60763
98196
77202
93819
19059
56278
23056
23691
88424
45469
55860
15879
44138
44774
91217
88414
89845
65791
27582
96445
7781
10225
54583
47273
72434
84634
65253
98991
5355
67220
32922
48592
83556
88364
79378
42646
42465
67524
96668
52077
57308
39920
46075
54945
26586
77141
34805
69820
47670
73135
844
25523
2578
94109
28760
59619
18533
39590
37220
91634
19002
98463
97192
26484
52089
33918
64171
27900
13050
97179
92671
11643
23408
28262
94937
16091
88867
34780
75410
27491
3219
18792
46055
44131
54768
69380
62969
34147
45043
25694
45353
83551
27877
22124
33193
67700
8310
76471
89553
85521
69779
6842
55412
93105
64332
38604
79171
69816
2814
6004
94007
6672
61200
88517
55717
16025
75195
26446
35910
33530
23904
20024
13938
94418
58114
20394
73193
82657
15180
23231
59261
95915
58026
7517
10883
2956
44540
78347
4295
1243
8138
82771
73734
34411
27915
17421
69335
41776
12013
12741
22240
52254
13644
27265
7547
17200
22928
28049
43128
61545
76224
2199
48686
73067
42133
88966
6485
68447
69391
58190
92486
57228
73040
23952
90418
13224
78186
15944
36541
19980
56381
74382
49126
92093
80198
61314
42266
58708
55565
72882
17375
91055
54554
54203
50118
1136
34449
73130
62369
6456
95146
63619
75935
52570
90913
59276
98164
10079
66107
51036
44128
16411
15564
62371
59638
65998
28074
17946
88472
92238
22091
72576
45940
6987
87895
60218
54672
6963
70694
79804
38695
439
8830
39257
65302
95960
82622
57638
15566
36374
75785
16658
74029
29426
17524
29401
88590
77382
71323
82984
87978
26191
52652
71435
48219
51038
86478
2235
95631
49613
31970
10074
69597
76606
14751
58182
60452
16009
50565
98532
72495
96914
54493
46269
96868
23928
65946
85034
64522
55059
25221
95651
53496
81900
70169
37345
81515
56783
84325
22083
33232
4826
16808
66676
97603
6665
56536
10550
29795
7299
54850
83273
31142
82267
85191
87557
38121
85149
43648
1877
38937
26059
62889
74256
35575
7326
17371
95510
59816
36570
19938
52078
95148
61407
42718
90676
20419
38967
98720
96716
77704
96764
53972
85805
68360
21680
30584
96042
22174
70559
40781
47817
1516
29799
3793
19079
36082
58334
6753
47275
73635
68891
55374
80443
76015
24383
83328
73830
89589
72574
62733
54890
31265
73233
23872
99760
10126
39853
87620
80210
52029
1302
10524
78747
37021
54935
52107
31511
54462
21024
24269
8194
75414
34232
89900
13526
20580
82080
18654
64244
11380
53029
36401
48976
56090
5786
46244
83799
82253
54805
15588
15259
97590
32827
75923
33827
51598
74522
54438
63200
57642
96998
47663
27941
21802
5761
11439
39375
66300
84595
74392
39669
81522
62147
63529
79595
16587
14528
49366
7995
74172
72490
21304
62959
74679
5986
37717
48638
12280
8237
57030
20755
36151
89861
93671
37798
59448
15611
69330
19737
39575
96207
9047
34048
46077
97224
8278
46228
98142
34016
32380
43276
49771
68098
82128
81955
83704
34533
98819
57168
17638
90261
57861
37845
77462
52478
30078
22757
21413
45442
77262
86067
55128
97094
24520
63205
79295
52019
51870
27261
11342
50154
78193
10732
53995
76151
91472
72463
62298
32362
12334
86604
5112
89536
81858
69232
9988
96965
47721
53215
8005
45988
75110
27194
8746
51071
97906
82451
94348
81436
69077
22538
46432
55687
1950
84518
88271
50441
7
79453
34265
22550
99895
83071
23995
34832
22638
78914
72864
69859
61406
16335
98140
88963
66033
46101
29736
73960
58559
61517
77011
20305
70789
35054
15648
26074
7291
33070
48907
81431
53068
20058
83902
97026
46889
15512
79959
28416
89528
21176
39520
62460
57956
96060
27632
63192
63543
9377
63198
30149
36990
53114
47756
77706
62072
5393
12618
40691
32434
34429
60438
67952
65767
55705
85459
94498
14867
75522
22647
39875
39639
8746
50355
53640
94049
16850
17787
45831
81460
40584
70090
54687
64714
79916
81250
48575
61698
20957
68271
25857
35487
32239
10331
16903
40802
35232
59407
68726
31891
71327
88185
6169
51540
47243
3405
3006
25687
45270
67057
4314
85938
76584
58913
18161
96231
94131
1188
22289
48933
25254
66327
99071
27984
33829
2776
7121
13158
69492
20669
46470
92232
58782
57393
27385
6590
29872
72419
80942
69765
77625
55222
23457
51953
25028
86213
95458
94620
88667
59994
7049
33890
45918
56335
88929
94686
87840
64255
36855
44655
60332
49949
90983
28034
82430
65816
69372
89589
28461
14048
96008
50387
46079
35643
80497
40814
24220
42023
30017
25645
33037
40276
19673
51644
47247
21977
57989
32258
35915
9224
19431
25164
49445
95826
22482
96492
33135
64824
78228
79707
77158
34530
86969
44528
65579
76723
72235
9771
79236
22944
79016
42596
77320
11641
58421
33731
68813
42783
18459
32382
70353
27981
58444
99422
34785
94389
41564
76332
59299
38834
40528
37894
14807
72176
71389
12138
56505
78499
32051
52634
79214
38701
70373
94014
2269
96975
6121
21237
14697
2184
92991
81862
13534
797
72155
55092
2810
13999
71605
83515
22969
57562
55507
94972
5176
49111
95961
15511
90675
70292
11209
91914
22588
52906
21675
13679
65634
36545
51681
29303
68604
30745
91258
29060
82169
32641
62341
95311
46856
70712
16842
39033
21203
39197
245
15131
29630
45955
46187
55918
95427
41685
2689
86762
57509
29699
40113
1267
18002
18786
83476
33050
40020
51522
16035
35939
16640
26692
45151
8512
81208
86226
74210
79909
93111
69602
54799
48749
47001
28715
7674
93625
10364
63259
48486
12993
83051
64735
15736
20887
38399
48305
76251
58082
86205
10927
8574
8920
91930
6482
8639
67648
92360
34397
84283
73622
63137
39469
35545
20783
59402
47962
6935
52841
82134
90741
20141
5919
81389
36588
78470
90445
54531
82319
35648
89171
13490
64256
91790
57873
15594
91688
87497
33197
45556
97422
67264
40838
39269
75899
68696
93287
12995
99724
48324
64514
2356
42358
9369
14489
45594
77561
73548
80780
91077
59987
8280
32598
74243
37498
13646
28431
68306
75493
32425
45585
54401
25221
46329
43393
6479
78625
67989
29250
60912
17275
75269
49359
167
7687
25642
14679
58849
6421
80052
22210
52610
50646
45030
4675
2225
17581
46478
15207
25369
33713
39497
40616
87274
51306
59758
92997
56065
91390
56657
15647
83404
17175
64020
34636
22925
94351
40322
12228
54177
77276
10233
42033
49039
31418
84993
32888
92902
78712
35234
34376
96588
81714
74840
2011
61716
28007
49387
27627
71135
6521
59497
8010
28177
70793
54953
82746
71349
41609
72506
44276
23975
79144
60343
63842
9568
86150
99894
29469
58810
99914
16181
92262
88531
36848
54969
6923
71148
83032
73158
50322
1901
77128
47488
23845
54616
24950
17486
83531
11903
16948
71830
55713
87413
48736
64096
49478
84513
70970
56028
48307
84654
59974
58454
46609
83806
19717
35257
98061
96974
2547
58578
40534
92243
12603
84536
9620
2571
92180
53853
75895
28659
86224
45833
89296
81947
22270
3937
52134
14476
9822
63861
37439
50362
1035
93475
54128
17791
16198
5744
77129
35175
23790
55333
46924
12892
63650
87574
50804
62964
53586
81224
74278
2595
91679
22875
20884
51047
5275
38955
73068
12435
50631
19142
59702
68584
65896
68757
8280
98941
11578
86602
9051
5603
3969
62331
55701
35294
31183
44528
97094
48522
23384
70009
57259
17285
66379
41155
22166
77492
39504
88512
46819
25130
89754
61307
62586
72863
49433
4564
76513
37549
6108
16934
64334
72637
96728
40904
93604
24883
89301
14680
86113
64618
7433
17901
18943
50859
91944
83540
92041
89580
78587
92589
29571
53820
97225
16974
76466
41983
53111
38301
85232
52578
50634
95148
60773
201
53151
88672
93949
14477
39073
2745
96798
51225
90735
58712
98291
31751
65024
52431
48344
873
22260
82244
49903
61962
99393
88643
32691
39295
86047
76572
76616
93509
76943
64831
37090
28154
81183
47532
96438
96231
5790
85291
7199
51650
56439
90085
3914
12546
70852
70777
80298
33706
90251
91550
9913
66301
83437
44942
69267
50579
98499
3174
38238
17145
57909
44261
39092
58113
80548
76749
96650
10796
75745
45487
36415
40106
13231
37657
66737
67894
88
68226
80797
89251
91106
2821
48167
75590
89112
81077
14264
3541
64611
44865
8131
21649
48131
71870
74646
30324
81629
17294
88452
31075
30707
93961
25641
41920
33948
68766
33686
90488
95303
30519
37832
41204
89506
51225
75218
57296
62037
66373
61486
5709
17489
85745
69715
6257
34183
49359
36644
12020
76605
94062
17996
78034
9848
62663
64147
27099
73722
36754
86525
60932
42772
46631
47201
9650
16143
90179
78521
63090
19434
98640
41837
10910
9244
12908
30211
36771
66660
51102
15967
46093
87194
93915
81169
31513
82426
74375
66482
61715
60045
55227
32211
19485
526
46706
66015
75389
77608
52191
29485
31867
63055
67169
1763
29493
88580
28768
65548
32974
91092
27249
48025
28827
5741
9288
50888
19872
18578
40613
10738
37060
82862
76165
25932
81267
76137
21574
51363
14783
82149
61715
92405
34997
31747
6391
21679
79346
86771
14270
9429
79104
63112
47204
2179
865
86804
36979
25274
63691
56627
88102
8127
29705
3063
74357
58954
29589
21748
13575
57292
43355
47538
57829
46208
79675
48961
2888
424
6981
11347
96173
70237
61855
19680
60373
31887
1356
48249
41472
39135
34757
52432
96272
50251
27790
50788
79617
81349
43745
45110
66609
5450
93515
88862
97727
24986
19549
28454
60723
47401
22883
4356
25275
15629
38085
35465
87992
87284
77926
8470
85157
73819
43011
20270
27843
6537
48344
73074
24325
23310
36727
66863
4751
234
57834
67937
15542
57132
64552
33002
25328
35533
99889
94805
56488
27256
53814
97185
84819
91586
69609
30280
77572
77627
75222
46524
31612
50092
89942
91570
65105
51544
44160
2831
9714
38204
10234
6238
79155
68757
64927
64735
69658
62355
11405
20109
99804
68951
21914
5163
31477
90023
3392
34603
70620
49217
55605
35130
66936
6504
51466
2642
41731
38149
72081
26903
90911
35207
91395
47924
90064
80508
41170
74025
21700
2877
44923
46090
16
14643
17280
58496
94551
68220
19951
59626
90780
18587
69722
57089
75413
96749
60017
82829
83352
33766
89468
10931
32293
9038
8381
5507
63349
36108
15049
49969
79223
95342
87847
42513
93510
38216
29914
11865
50833
78198
66663
21370
12361
25894
24208
26916
56804
23831
24253
48851
38228
79268
83422
93762
44545
83590
2931
68695
2402
25447
69147
37776
47361
77859
73428
62948
30430
71572
90841
96880
62860
72105
44933
6705
50563
71368
67192
15722
64251
39274
45789
52952
3215
14214
61964
2257
96293
42753
62051
50904
9575
52017
10865
44880
78374
32509
55943
12545
83222
84931
72299
69707
50808
2164
4038
35555
90535
74312
34468
19204
34225
24337
15629
11978
73295
82075
11562
77968
73825
398
2230
18490
36943
93178
4409
40915
391
70760
15568
99733
47523
25906
36442
21605
28376
37040
76781
88575
68746
1286
47107
56003
54282
74373
36285
90353
55336
54011
95109
75978
68926
16685
53228
25546
22239
14154
31089
58723
30934
75308
68066
75852
35380
52169
96616
30880
22996
76981
32819
44173
89537
99126
77251
67788
26003
82371
59748
50371
9885
16052
77628
56722
56377
81028
66356
90304
45338
99102
35043
18921
18412
4375
37483
43316
69556
1570
39799
80456
31691
79261
82376
79860
22445
71269
87344
30515
72910
25865
52739
73594
71683
42374
81052
87583
39692
6153
66503
49432
68920
27330
56003
92886
91329
69932
38513
12773
92202
72552
58030
46063
62751
12281
93934
39974
61189
56038
43099
64398
60499
99254
10761
34880
3916
14248
52709
6676
77857
1568
88238
70894
91005
92883
38279
8432
47028
87613
24040
47083
67695
3808
14094
19683
40360
86664
98441
5654
2468
87175
68215
42113
93898
91683
40301
95129
71533
83093
35301
76479
12308
22717
69663
97083
39573
299
51264
18059
48599
71995
44782
38117
67334
32615
21737
20472
49227
23771
52902
33589
90838
83048
69811
81413
26854
64474
69861
70370
81926
70146
86097
50212
48956
22650
21602
11634
571
47943
10059
47376
39190
58360
82231
9944
74931
1675
65928
8673
46497
314
61334
86659
21337
2697
90832
82372
17620
47510
249
72116
4773
24859
84944
68568
64669
25780
926
27049
96586
24355
40009
85390
74004
81401
35992
51609
49624
25131
64463
21578
65318
24641
8427
25127
30041
20402
46230
37542
907
68883
74645
59129
40246
1930
55492
80917
70100
15588
65259
47478
3572
64359
93024
60407
4310
83241
64512
89439
22692
94919
33298
43918
26190
37068
70262
72224
61089
80276
50676
33060
30159
92439
62089
85133
71492
27230
13423
8510
79873
49032
63878
56702
18299
64872
61010
56545
14150
32676
14185
16128
64136
18930
94374
76951
38839
41490
11661
64363
89319
49483
16436
10068
49289
8537
16012
36861
15179
5398
3197
16289
66856
49339
74070
17541
58446
11171
59445
21776
39358
19241
82096
41367
43929
40105
36838
41984
50873
56289
97543
97331
28889
2529
13036
90892
58763
49823
25978
24420
36533
16852
2050
80717
26492
85486
30892
19330
37734
54063
85068
63830
60019
51225
55465
79282
34471
88161
1920
89086
28967
74897
37684
22554
13991
8720
43036
42362
35093
24812
16497
98421
88529
707
97055
33681
24257
55247
33061
15870
21193
73316
769
79208
63693
58695
64446
85755
69725
87030
88082
21055
56177
79315
92359
70516
93554
15374
56092
62510
35618
85630
12548
96529
63061
11319
84906
1633
92967
94674
39739
72579
80624
29287
12446
17709
51389
70515
38968
32198
98812
86423
6250
91152
38493
70387
49823
54141
69571
11950
21500
61701
9553
52132
52240
54505
48576
33709
68556
71322
86742
56419
76778
81287
71893
45300
8780
40153
15864
67365
61248
98108
80687
64443
66899
11088
80777
60598
71133
33341
8953
66919
94914
97549
98925
39931
29240
9658
35376
46810
79226
71425
56933
98485
48613
11026
64376
3339
15428
63388
72785
59256
22271
96408
3072
73271
41982
84264
51030
47801
48720
75897
50253
97537
52359
15778
29809
48029
75628
4240
4405
30459
25871
55119
39631
11913
42698
8376
9010
34329
76205
97420
62963
45041
36234
51193
78959
7496
45034
74338
91995
82296
43240
4252
28896
15299
96188
8471
73471
25280
59827
59703
50115
548
19883
61193
15104
74307
58859
9431
28853
14396
14688
77615
52800
61678
82329
99679
92940
84281
38029
20884
44554
48670
335
88846
96647
1795
98339
67780
2274
65218
13911
17606
58258
42056
64649
4537
89115
29058
12547
60858
20468
44492
36962
8257
8534
72003
58637
30969
29861
61686
8214
92934
12843
61057
88766
70139
66428
82630
78836
862
73469
71029
1510
70472
33198
13898
2608
53023
59326
70500
3938
56483
38990
59212
44888
44955
17888
11104
59570
85251
47516
23546
55365
47739
33345
74211
45769
8010
11440
17847
378
39359
71826
36885
7556
5911
21230
31787
88378
80929
7718
54110
66543
3658
27926
49265
8216
87223
3787
60302
78853
49429
57455
82532
57209
29427
99695
22031
69986
3484
8596
95424
96085
33467
68874
96337
63729
38888
66231
80652
63951
73308
56527
51388
26769
36702
70025
17421
30887
7529
43312
52254
98315
96598
80343
82126
3524
98975
64521
55085
49382
69045
13403
10849
97331
69511
60422
9592
75608
10348
23633
61719
81421
92733
12286
67633
16095
2219
41396
18122
15633
88361
37150
41504
97197
69562
70492
88886
89589
34298
26176
28159
74515
32552
95015
92894
62853
7949
87013
77292
47716
11732
19707
87183
95621
34320
58531
43471
96875
70596
22222
80436
57151
87743
26196
3081
5064
76915
22815
20678
10053
4798
18790
34242
90153
57518
9728
88244
60446
11315
43669
29674
29238
37015
28132
52353
6090
30231
56422
63788
41785
93820
33798
72686
6417
96821
47111
10519
49951
69618
23860
98949
34677
3155
98473
96462
19145
45308
24928
93049
2991
47364
57513
12218
83041
58444
32881
7987
72723
63845
63739
96227
97977
34224
7127
85364
33153
3692
96265
27972
4042
11285
2656
45459
90637
4971
11028
90966
24523
29441
340
82098
67972
2894
36223
6947
90789
90153
81255
19913
67856
67979
86293
63721
67997
44041
14268
42797
70536
85710
95351
34406
25782
74674
77178
66092
58933
76486
93773
94358
61176
78287
93060
74995
54832
92026
5241
26672
2872
8224
26918
98129
53346
46651
84593
22476
79198
19237
88397
93966
76946
13705
62610
7837
82229
72186
57488
44881
79370
44794
32543
38498
87110
6350
4246
7588
39925
25516
29722
84378
47814
46726
16556
65263
25283
68898
79360
18578
28714
21621
177
9206
93072
20619
37196
39128
89926
37830
4958
96610
60388
85790
66186
70440
13774
12412
87243
66427
12926
53348
49409
76254
91999
89276
5798
87570
33752
24930
84893
92891
80779
99333
66533
81482
78664
10765
12349
65938
79934
60483
58361
5544
37139
68944
98984
37813
87818
54166
36204
99298
7618
46427
38193
2649
53442
88861
29439
61189
6175
75373
62062
36635
75910
42256
4734
63200
16373
53602
54524
69388
77752
3226
63990
89418
33740
33469
71391
40773
37765
3099
72741
10643
99002
19877
29419
22659
5812
16129
34881
62281
65062
24266
9157
28459
74271
80240
70993
32459
79459
31688
57924
98463
29981
3828
24353
4936
26075
89716
89975
91362
89066
86328
6513
63824
62089
27979
59251
8757
46942
85095
93739
14977
91755
38971
70355
28091
87002
16514
99626
24204
97535
71031
59083
36204
1995
2510
51982
97700
8509
19996
97950
27465
33433
29468
82162
98179
98281
40348
57319
63820
6038
46598
66032
59778
78429
45501
71680
88173
58231
43892
33406
19972
87871
7615
43457
21844
37684
14769
55608
69971
9931
88001
83975
88562
19741
88040
32341
81971
22597
93672
83486
76402
4446
18381
12294
82622
11193
99634
49744
30497
60480
34059
7269
83837
25741
74304
54800
4326
74698
27068
35011
81518
74440
46660
29672
44995
43147
86572
2474
24577
86854
32879
95881
77073
22179
98857
72116
47629
56697
67116
33477
50599
19672
26236
30775
95843
2463
94127
25513
75397
86210
64033
1322
8332
55659
85959
34508
19254
79548
12276
78356
95901
21334
67400
96437
23107
78236
66352
8871
95513
29593
97818
1570
49151
89417
56994
75558
74371
49319
63795
53154
55137
32737
45653
2794
19982
40982
80690
53860
902
359
83313
1021
91668
19290
85933
89112
73875
3910
42474
56558
59529
9167
23144
2246
72502
56891
35375
27997
39560
63322
93543
24317
80362
17053
64389
64379
53419
23987
47125
89419
69154
67862
30542
37190
47135
20496
65718
44845
27651
84010
46504
95148
838
92985
75660
73503
30147
14620
36050
69941
64997
23495
75000
64124
75927
66200
54167
75679
82996
77619
37539
96318
67794
26786
19064
82287
8200
85481
66826
92977
48046
68284
55727
68240
44197
48089
72470
2285
28142
77906
83759
70488
19552
762
98023
47329
39789
3719
34504
92862
2664
98437
82911
69776
75288
3050
18482
67447
46143
97267
73548
24021
8114
65638
71767
69399
40611
94925
21925
51516
1549
61877
85443
10785
18662
3269
13476
52757
27991
1993
90114
16461
16873
913
6016
96235
13462
80707
66970
87069
42430
14086
102
33171
51701
21258
17046
65502
62372
162
45773
1334
83981
8709
3086
52467
69191
83990
55866
62842
23461
90241
26410
84242
54907
75
20489
96999
65519
49677
42462
70261
7546
43511
4291
80760
57049
4976
1900
90802
90854
56205
96265
68089
4248
61807
55845
63431
65954
84226
9249
29257
13837
96890
62713
43465
58748
89754
81353
42529
53786
68312
15603
49100
97727
46286
98513
4022
15467
53153
44921
40368
24798
64465
1618
62821
35897
38787
20136
99719
61463
37206
70457
23700
47086
70738
79846
88781
51077
43818
36319
79109
98213
49973
37861
13043
48290
84775
26845
81736
74236
61122
85593
3082
26018
86176
66036
4993
8306
26969
32069
91847
95700
3581
32311
51587
74162
80378
37000
59334
39926
29333
76462
96171
66415
87214
50352
73000
81870
51006
77031
57622
49475
69920
17665
19035
82616
12492
73520
48141
22295
89948
18732
87898
32476
96134
2968
90826
41564
38293
40873
11630
12913
13400
29658
59973
87942
59821
51223
870
60457
60331
36406
53852
12964
10226
17640
5459
86454
77249
22234
82858
93710
58142
51040
9945
56170
40818
93857
28730
43001
38276
63995
76377
61791
16341
8557
47389
38645
17082
7352
70788
89574
61296
25004
87541
28825
86271
56263
74130
98709
76779
98400
28376
8978
27922
16329
10282
13041
46260
44992
91283
12029
485
15497
24861
6638
3991
65612
41027
33029
5609
69483
28
70911
68379
34945
11224
56391
98838
76329
22308
25049
68411
81985
14237
197
11248
22724
83406
9258
76670
22976
98026
51581
75369
19326
17713
85750
37689
65893
58159
89803
39464
64605
19541
96083
96185
99116
46945
57983
83811
44313
34859
64845
32524
94006
27969
89891
89813
7087
87408
37281
57778
46629
35096
60034
34299
76804
5265
19609
90244
33973
14291
2738
56132
9133
43790
8251
66260
12850
33036
69906
88213
64217
40136
38479
43390
49642
53776
77012
9835
43763
65547
64210
58506
12526
14064
59279
64773
6810
60903
21448
68401
64818
22199
47202
96982
33004
95973
29884
63787
19288
25675
30226
18753
92358
65321
30816
18035
73219
5893
52397
5304
97187
55620
88009
14562
68073
50946
901
11394
77979
1685
3067
76212
30335
93302
45510
42658
69961
90185
70847
37619
39038
88177
4504
87480
43736
51590
41016
71721
36123
24060
85732
54089
3
60288
261
8483
25436
20574
79405
32698
82995
97511
19243
10428
46398
86112
17738
54148
6949
5364
22323
31967
53723
23654
21409
80162
87769
10904
58058
66330
6518
38373
51609
16416
76681
49821
34420
17600
87480
97759
65056
98463
25087
70896
87392
88545
34358
66292
37670
38382
60222
4054
90556
86782
84429
36741
56329
43936
35472
86127
94851
3659
73980
12329
77746
53492
6130
17039
54135
833
97184
82275
71057
23709
2517
67011
35993
63257
23540
74181
37717
21183
37218
51949
27434
32611
51239
69064
47189
80534
95702
45925
78570
58357
51999
8226
7280
92949
33147
67495
22076
40532
80926
52271
59839
96030
35884
9669
22000
90566
72024
44983
20667
19050
94396
51824
49476
30154
1647
78831
51564
43673
80111
52760
82122
60504
31082
14524
92664
68351
49982
64393
60585
62105
55663
25286
6571
45426
47579
59197
44291
93465
66546
42048
69785
26699
81860
2481
78051
45978
26678
33600
95538
69995
5776
14895
55274
85242
90738
49946
50302
88594
73035
22915
20106
55693
22205
8442
86629
17404
82019
61498
27499
4982
67251
60933
55035
50482
47574
75508
88626
51824
10228
1026
2713
26289
73058
53158
90701
76378
77848
61063
97164
27632
88962
74604
54599
16792
10962
99305
97068
99055
85392
70574
64986
16468
15468
48517
44297
6040
47141
7168
76334
66863
51896
83703
18345
69699
46078
56040
74679
3524
95110
11421
14650
37072
42108
54057
25841
95826
41976
623
93095
18875
12132
739
28058
54559
93818
39220
60076
75317
1539
86831
32816
7604
9193
18505
74273
81663
21870
83012
50560
82845
25105
45679
71883
57373
22414
51914
22540
55637
11081
44743
37085
82487
55267
96016
83435
16997
26944
49034
95722
359
2077
34578
33771
4838
58871
70010
72092
22961
58058
68598
37882
9913
18977
34913
22794
84112
90102
74711
25237
29262
3441
4174
95655
23476
19453
9700
43585
35272
9552
81480
57236
56045
46495
42838
11459
90395
51905
6394
19389
63299
34313
26777
80254
1119
84896
38271
21742
88722
66434
72125
14235
4623
39851
50035
90358
68941
29193
72929
6764
23454
72988
92211
84219
43643
94629
83821
97611
14942
86891
57234
93660
99604
6301
58544
66900
806
38517
83498
60543
38339
35242
27938
3445
76941
35429
91694
34757
47360
82149
79010
41487
40363
15964
2390
54324
66537
38970
86906
70375
96942
55120
38920
80212
77732
42621
32042
79000
60862
65476
30961
48709
66876
98189
86973
62655
23448
51239
63463
79551
20993
76017
1126
30393
79027
43713
13010
70215
71722
67391
204
22052
40387
28446
81030
48651
69400
75342
61654
78520
3449
52801
23073
91485
53938
13549
23899
17058
17240
21755
50053
61892
97184
62085
32806
89354
74302
49710
24731
51646
36705
47822
33782
64429
68038
26342
60290
91768
27210
80073
63175
70577
61883
36201
50146
14272
76266
56677
7744
9827
98633
6206
9973
99449
39783
99467
16683
30695
30325
6460
1403
70022
38363
84196
32286
3093
62444
94480
4596
31836
68807
33318
5679
81125
19654
80102
73570
13596
84237
39218
64387
60041
16273
12514
84384
74699
66421
47166
17839
49538
51317
38771
67427
60233
58163
77226
43309
12933
83898
92389
47701
68652
8808
54000
27736
72062
14471
76740
15983
43209
54533
71214
27407
76967
2290
27726
17786
53356
79330
38807
66171
71330
86702
54785
2322
64665
10650
74561
50704
18411
99095
82635
42564
14310
31152
59186
47949
89736
80195
52336
6753
67302
12428
41701
95171
31439
83773
71617
65652
26875
62328
65932
1118
60874
32314
20302
297
85983
74038
55911
66709
852
54764
48193
24349
44088
70366
83043
39279
39420
16554
41279
94242
81384
8077
54812
15390
3590
97562
37398
7505
30127
91804
30802
80233
33637
1206
68511
75103
12527
62711
22350
7567
39116
52512
23471
54333
61568
53930
34192
71795
10839
77494
95198
6765
59272
7926
10107
5583
90780
41592
90699
29259
59390
24856
32413
23661
35851
42949
66643
97071
75887
60401
65005
71291
44210
50140
27600
77028
55544
45817
12245
30749
17475
48970
76064
65348
50215
8735
41805
23403
7454
19552
70936
14217
31797
11882
19263
62904
49956
10139
25184
16248
40660
38560
64658
34685
14803
94831
23685
76861
27185
17139
83108
83309
50056
2047
35431
32242
67207
50869
46632
73953
65709
42128
57758
14504
52288
82917
5816
7211
74151
92964
42216
11643
96379
79175
55850
69896
82919
96616
56364
98964
2025
3419
71095
31730
95392
32899
29873
11996
64859
31881
63992
3704
4704
7952
14627
69898
50592
61211
66915
58970
7939
7317
50647
3257
68153
4263
40348
35018
42661
88547
35532
97644
21085
64894
14746
38262
76159
27691
92701
44668
67031
48006
94278
93453
1652
73674
24313
77614
97841
87304
93140
26129
60294
93090
20929
7742
8467
36494
89016
29931
94905
39653
41623
97131
76669
49490
39732
50810
77928
24718
47103
47757
91762
36660
74254
16361
30731
3139
55279
16598
77878
6955
38790
75924
34173
75399
79253
76115
2567
87203
84073
75738
75390
6767
20009
45219
75147
44619
62860
61300
43901
42891
7070
47777
1770
70755
23612
20235
99655
55575
68956
83282
62766
93468
70473
59720
95150
85174
77418
42934
88571
87392
86887
83940
8752
58063
66572
68869
30877
34875
66623
89687
87581
18882
81507
53237
57536
3723
51972
74042
32560
61348
63492
21183
243
99737
18521
95626
84303
3062
59047
56080
32527
60713
41582
23588
24857
15245
32992
20697
78662
45597
55542
25439
85904
26272
91905
68734
46777
90062
50051
46648
91127
77237
33230
52808
52243
56090
6672
24300
14617
76002
56955
69801
43249
58933
84596
44299
22844
2722
36997
53497
8963
38039
24224
51762
2321
35361
66754
97007
11794
26774
47189
72861
22310
1385
66290
58240
20315
8903
72159
64677
54918
27372
18069
76951
19114
6376
40162
17359
50215
50067
24322
31577
87156
94390
38090
26335
88490
78048
78596
96586
27046
55914
78975
21391
82774
85189
84893
20478
85616
61056
46513
51136
39993
72382
80226
66702
923
23058
4940
99182
97253
18891
87596
56762
73896
73041
64390
36338
88605
74556
89342
47716
93794
39376
46107
21882
7799
42723
42563
52453
43712
59648
24052
32538
49595
8848
23921
52257
93924
24634
20037
90906
47476
40649
45751
84608
67651
99913
59238
70651
15515
66426
37748
71489
92214
91745
41547
95114
90787
77682
18336
34876
90890
94788
39583
83378
83129
45658
87859
48675
55572
29541
60339
71058
11434
23571
95856
58373
94807
98860
1843
43390
4334
91965
69434
45911
1043
8342
88083
58066
26582
95796
14399
87784
2835
18440
79613
74647
45338
82646
47510
15069
84248
11895
78215
69619
5309
46297
56770
97033
65125
45938
67567
88727
75587
23788
90807
92995
88227
24416
25607
93879
85889
29534
89066
12969
5899
21236
36734
91056
53324
23251
95134
3108
45898
7386
57757
87529
77799
45997
57444
34176
89119
50913
9699
59289
88025
8874
2066
5608
27768
40942
61153
63843
83276
9970
94855
9988
83570
97061
11877
46340
77209
57898
39542
25708
89443
13961
59891
50045
2904
64521
20560
3181
52141
97918
4785
34951
62146
3220
74139
70696
83797
24011
97528
50605
36425
20030
47369
62704
92729
97505
63053
84075
83153
6099
94906
66327
93934
44351
72432
75813
23032
23736
11207
74061
40185
72374
10408
46278
34213
50428
25427
83575
65854
89838
5669
79107
52154
85203
72977
76645
76284
25312
77852
66439
22465
4320
29041
97361
80179
92513
21098
37986
94145
34237
48893
1171
23468
38267
44789
132
83012
80842
3663
33084
67934
98613
31794
50631
3130
98517
7517
4032
91441
86902
91011
18225
30586
20951
38863
66921
32719
54213
36733
65841
21813
29720
29624
95579
52579
55980
29602
97853
99545
15075
93589
61140
32723
3033
15036
41694
58588
54767
8188
2362
51761
48498
58329
14949
49568
13393
41881
62306
36676
93592
97834
91101
50525
54634
85816
40629
13995
84459
98746
95086
11202
91700
42326
81156
98989
42594
33927
49770
37836
59246
13638
19841
34947
6798
55982
57446
66212
14790
13726
22684
60756
94079
57451
97928
8275
88810
14602
32989
85818
89366
14781
56810
67282
10178
11312
42069
40965
63381
7822
88130
81165
91396
48473
87866
7775
90123
85617
35678
88139
32614
59180
13725
97487
1422
60953
65712
71072
99387
91604
77044
95275
24524
92721
5150
33121
77372
43676
13773
15113
35871
23191
69950
44061
30656
46438
73000
39930
20833
12884
51489
42009
82408
82097
35757
40793
39768
45056
83909
13628
41028
31613
43545
51106
26425
49178
6233
98576
73767
27328
99340
70134
55091
70340
56068
29555
26801
31978
57576
70587
72012
7828
90939
74455
5249
12714
66669
62815
8736
28485
42723
76964
73439
86016
22497
30772
7087
30236
11079
30685
83149
43468
91688
74654
31790
89512
69919
92493
84377
99050
93327
63512
82687
20244
77340
5334
52387
26934
29520
27890
11420
502
95227
65419
35296
13719
92508
93791
47214
10859
11526
34815
36951
69208
2575
71396
42327
32194
14170
75906
60011
80866
70702
52082
24372
23043
68419
86780
36227
9177
29001
12306
27766
50902
88370
94054
32243
47220
75815
2493
81841
78629
95632
71672
77037
58225
6136
48187
57950
29155
54684
2383
30824
4787
84435
47817
53742
68569
79476
63343
32768
8907
21027
10771
18522
81280
18568
2017
68211
5166
66636
89304
64223
61549
86471
88783
80967
8064
54842
22222
85351
70874
1876
91764
39791
97446
29867
75181
66458
43361
34580
64762
21014
83076
51534
11768
92097
75012
65047
74398
50277
95537
85568
90778
92119
47474
33394
90491
27513
42041
68820
34704
89276
66365
40235
56141
52147
96308
91134
87741
46042
34552
26170
99712
43324
41306
36211
29472
34647
99254
92381
32415
49113
56561
59392
97543
83274
56187
84425
44126
92403
1265
45117
30479
4306
41684
96899
9554
81613
75372
46271
90737
89557
52221
12310
77940
49522
35598
51941
59011
78729
34866
32096
28944
69309
59575
24898
73223
3630
70533
20769
30401
90621
29522
61305
87332
14062
48882
79123
24811
68353
16544
85605
79062
41276
17076
97399
58611
42408
85449
8430
45188
18140
45024
3081
65348
27844
63166
37544
49403
38123
5951
38479
76074
78143
65829
23898
39852
61362
21664
2739
47822
32287
24828
75291
50041
39831
68131
56344
12937
16129
47281
17701
94534
18264
98838
23531
89381
79718
31126
70391
80203
65102
6058
30292
85549
15688
75296
7395
57178
13080
97141
2081
50049
76429
2169
60483
97417
91944
76990
37390
28275
97481
86198
82325
98288
72818
7913
54669
70623
34474
15918
38191
55886
4116
86562
50084
10564
70470
45031
27188
66562
10291
121
70788
21938
6467
65991
92003
80809
98651
15557
74578
47987
82541
90165
41459
82889
16752
4455
17718
16945
96781
7474
53552
4657
88074
20925
64299
82221
56458
63613
95451
65093
90807
35684
61051
54125
61115
44238
46798
62448
34369
93549
59748
50359
93200
54674
44461
60840
91005
33744
46459
19111
15046
95590
29724
76962
48965
92413
80583
37925
77282
1793
31906
56045
42262
71111
66142
9868
16583
39349
66763
87411
65693
86380
59116
68554
71723
77465
84354
24213
34410
98249
44773
26648
35675
5829
96080
12810
27147
81051
70157
52790
36302
1369
23274
33981
5318
20827
70709
48054
61062
77425
36391
38035
27971
64124
17048
99480
71689
41933
98786
79365
600
63229
69067
12119
71113
85432
80612
32370
36587
30442
74782
70452
11651
23315
19311
69754
74042
43786
51580
72627
67513
99796
75755
84320
3864
29025
20026
66040
89441
35244
89751
47249
60127
29780
51599
57706
46542
37129
18951
32657
53838
34244
94896
19297
69204
30313
5238
72977
93959
85857
1436
73970
85173
66415
79937
96787
77463
48022
29336
65795
18297
30790
33608
13023
29803
60199
31257
88898
11601
983
87316
25420
7465
43569
88405
33134
36644
69638
78302
79644
20377
37485
31633
7079
58829
17843
42607
37095
64898
27173
88896
47958
96501
98404
49555
64645
72375
98040
31952
34869
23225
70361
21885
58349
25990
32933
96939
63650
53189
41815
16721
57969
87526
77064
24337
99997
32947
45538
40627
87198
32935
44127
95718
92894
88025
56554
90243
65608
5345
8565
27733
1450
19210
26598
61144
36876
42740
28248
49578
14684
66652
29072
49945
77592
14156
45666
99824
61799
61247
10808
553
34421
93375
43337
64423
28328
66963
93891
36352
53032
87957
25518
21712
86658
55980
52535
76903
96561
27796
24303
72841
16570
63743
77895
38311
60179
58278
54949
76187
98837
95496
73229
19284
55791
62790
478
58226
25571
92357
47010
28811
28647
54958
26880
1726
18113
36902
61331
66273
74596
93253
83613
83713
53685
55255
10846
99360
7698
91946
80331
44054
96750
76401
54980
36389
93423
6045
30842
42917
42505
30358
3085
39743
46966
77880
67576
52956
9362
55829
91587
528
37976
46088
13516
17084
48849
48800
26820
96697
58060
52216
16571
64275
34269
63467
40510
17570
78883
76722
30450
8358
69941
78651
23225
26693
1830
15415
91865
46621
54000
41784
93318
38088
84498
38057
97097
66576
36753
46938
53385
87563
39573
10454
93468
65608
31493
47390
98311
43599
62870
10746
54364
24115
38403
68780
45340
53590
51541
78419
36748
23677
29997
68435
90252
80625
52571
10763
69324
60236
58427
22704
86356
40139
97636
4824
93724
72496
98434
55389
77678
64119
77452
92099
52800
58855
73773
67523
44246
72042
5197
82427
61980
42536
57584
28274
26245
53199
44225
54147
78470
29490
58912
96502
97327
82293
42132
55379
48313
57583
50802
30689
59128
92220
77567
77646
88029
85161
74943
70160
70925
81556
18954
51797
13900
96720
46437
25564
24052
40520
35271
93345
63976
54206
42635
23462
74853
10304
39131
13649
92687
19763
61931
56924
86281
57887
11551
92502
36121
69142
34888
80105
84032
4326
67247
24398
25424
85677
38514
15586
72120
87156
3824
27707
63315
47391
83067
11681
80082
26791
89807
18310
13929
90488
7931
16304
89696
75601
3563
97288
36448
4369
81354
26744
48555
84204
35626
13803
44334
8890
39763
35921
77186
33972
97668
78320
96525
36903
94526
73192
68605
19157
39466
1608
48532
12522
16326
90717
45953
74521
74558
40423
11834
62939
56262
20473
94906
63128
35513
90999
95466
75823
19049
29009
9295
84982
53135
324
6142
57171
24194
49667
75135
49056
44732
24988
18130
68497
44925
63140
26087
99027
83565
49426
84014
819
52441
61234
41524
61123
89799
11831
30242
13490
81811
56821
62405
92303
18965
70489
32851
68552
48047
7032
60746
14723
93506
29810
99563
82026
97130
72654
35606
17121
21042
49959
42224
30857
98088
57979
76844
67943
74182
68068
79507
81126
58692
82511
29808
29107
40129
2208
24286
97228
43570
8321
90837
94550
71589
68673
64322
26357
84439
40078
61895
38704
56484
4558
66083
15489
21549
18346
85707
34559
52261
55354
63374
27704
32663
79080
62950
62179
18201
5355
67515
13331
13814
56901
32435
71625
5960
72124
21941
1490
43054
64359
2367
83724
84318
64164
61683
89610
49941
45563
14277
75961
21019
50519
60212
80827
27976
836
81813
62251
66058
94262
20686
77335
12113
67961
52305
37756
50789
54080
82857
52638
68425
23769
61825
42054
22427
72334
56014
96700
94646
44505
87558
15067
57609
13006
55882
49260
29059
59997
34241
31131
57499
50353
55941
3261
93159
1476
56193
60570
76295
51564
53315
69395
36217
31700
50912
87457
82036
89056
93197
33320
92576
73760
26881
72960
17522
53356
4170
57475
38128
87397
56403
9571
41554
18888
81369
59124
39827
92248
59646
17169
33375
12371
42714
19422
96610
60596
87773
30158
14369
47360
4214
53399
854
15058
38914
57657
98850
2592
95604
71522
18919
51685
24969
4726
10645
82770
42935
37474
95173
12860
24420
45454
13382
3208
94925
2199
68001
51985
51260
27355
38607
5512
33017
13502
64232
89561
57023
74040
24264
52476
62014
2504
99426
23027
28736
51126
36548
69702
29377
55218
70107
63082
46362
53938
53732
65749
176
37355
59228
50323
87632
24006
8207
42728
97719
87348
25845
26579
65481
45531
26242
52455
55277
30084
45867
95843
99754
17039
78554
91178
68210
27520
12296
7616
28596
27437
2099
18457
327
47663
98105
47006
65201
82945
32370
16187
89447
51830
40762
79069
2882
64645
95808
12728
96321
84775
98668
78742
41575
55704
47392
24406
58257
60666
9869
79737
60185
78524
87535
80409
99518
85561
89917
14001
30276
99028
12528
73196
58126
79261
95144
12791
60572
66362
5491
72910
95119
16532
8378
17693
13231
10064
78431
26970
39984
74929
27262
98614
98528
72591
67066
54607
43193
58252
39191
65866
48894
48147
69086
2862
11256
59603
91030
69521
60647
7854
34212
44407
67444
39352
73785
75859
92735
99560
82079
87767
83250
80384
10397
58295
60880
44386
17019
73508
20233
66587
93103
89208
87540
95052
46921
81356
25072
66503
67431
17755
53944
78300
4101
8843
17203
79553
41839
6769
94615
29233
83719
87417
94907
28728
16817
40793
86862
50816
29489
54963
98874
90804
93022
42138
8322
73835
35938
9811
23229
97435
87830
25758
29357
94096
15392
82223
10426
89452
37848
4782
1458
76315
11682
61118
82119
99631
60472
78146
65051
73892
53461
83830
86464
508
68909
152
61949
66294
40033
9898
34325
84212
24176
14230
95446
95984
49492
21578
61388
76715
40603
13806
70980
56896
39261
64448
11160
51700
77640
19964
32190
25685
61137
78275
84506
18483
79737
56275
94234
95591
93543
46383
35405
69318
60651
57242
31035
97099
82819
48255
97085
52374
13598
97875
41722
64318
53421
74294
34016
15843
73858
1647
40875
75158
88859
68935
50904
6411
47384
92412
70994
62004
42905
36346
70140
50855
15976
39835
31998
62081
59658
73284
1217
36113
51199
10043
41951
92133
53011
35063
74028
41365
85044
21691
19059
838
54295
51215
15325
64773
23657
77006
35086
32809
43434
21818
76202
67990
70142
27909
27755
92515
16967
61794
5347
3204
3918
83665
41985
74324
33774
49484
32416
31276
85070
58104
41640
93231
8742
14704
17136
47284