14785
80267
63634
59136
53794
92076
30597
21725
14094
73220
88232
35422
11672
91286
81237
66594
21399
94533
51962
44862
5547
23375
5322
78367
37800
25316
36493
87482
11662
28942
1457
34488
51978
51485
89612
28930
2621
99024
65916
14195
51625
19508
9199
22473
52561
94874
1392
82936
19273
1273
64123
81664
270
21464
89708
39643
94012
34524
55285
41635
18894
14841
9502
25685
23111
92423
9971
36926
41384
23938
99272
83696
88476
26731
70205
53264
78346
86138
456
960
40243
13254
98896
99459
34480
4594
43866
15677
34819
26436
28011
80518
88204
88261
9032
38464
4227
89455
26022
54325
9616
30236
27109
76006
90654
96606
53138
73480
65416
34281
71968
92320
21536
81375
33644
88877
92287
2189
58106
82329
40699
69634
8654
85072
32182
80820
58657
45237
99537
65611
36453
17646
18789
38293
95419
50464
84343
43533
47049
57873
94211
13588
87702
50986
7397
46496
21377
21687
56382
70027
45190
25077
58242
29191
74682
80035
77120
83995
15930
40828
7854
13460
44261
13218
98214
32398
15264
93343
1314
76859
54504
46980
77518
40123
99051
15360
25079
29015
51159
66050
27712
23684
47173
29855
34993
49198
57483
14050
93159
74920
15036
11940
44263
49559
37512
68505
33546
20152
97375
68897
80332
92380
99691
71366
30138
47803
88018
3188
41249
38933
14075
11541
69724
1895
78774
72688
4377
13379
64118
87617
73822
83384
36664
65421
72098
16000
67936
70354
1554
55732
75211
90970
69400
99636
6840
53870
53936
53903
65582
37319
2344
88325
45758
847
36963
55868
50345
98533
3084
11341
90604
62672
62521
16392
32701
7467
77914
57450
55378
84580
66603
97175
61741
96873
11222
74925
14162
38893
85786
35248
47854
83104
37995
86161
27803
69022
95281
45935
66538
92915
86642
71500
70225
3730
283
61162
66163
36298
24730
73115
72554
26962
4109
39248
65309
38169
2231
38897
30769
42580
83899
93735
23552
4725
19004
43565
98688
42745
27114
35189
58904
3902
77984
36794
92894
65544
74558
44648
94041
99906
93555
58827
38854
35984
67025
64126
21442
18912
76143
43263
51510
84918
86469
67662
80131
91755
48493
25924
89023
83384
60582
71366
32771
17274
12120
46952
95945
39276
59001
13305
48476
7849
79348
84128
69119
41292
15193
61093
12946
34524
83326
55287
11184
17134
12965
41337
81849
80181
27146
89188
21213
51463
26993
51735
95574
39676
78580
65369
79325
32868
5792
70482
95247
651
6261
66092
39055
7080
67884
75212
66188
31679
65049
93014
55361
11318
80091
34431
83404
50002
71848
66578
12451
28737
34362
64184
16768
17434
29101
30505
78995
60860
22371
28926
21623
38490
84477
13072
77745
31600
71066
4650
87035
14419
56732
91212
86601
54582
64639
32175
33382
89104
456
89926
99907
8305
43077
48083
852
78915
64730
1651
50514
78671
57915
1880
41807
27674
64376
3252
84190
24667
69205
99954
93540
43824
35449
75833
58355
43156
41510
42286
94160
30190
23024
36348
16521
94026
49212
55276
64606
60356
39597
66496
2025
56497
81620
19132
24092
82993
56703
84069
18577
33678
68294
10838
30948
15769
67418
88085
42906
58138
16987
53818
62405
2493
74300
58707
83196
47110
6889
24488
8787
48587
3789
63605
25567
28097
71689
94211
51234
99579
71410
24099
14456
76761
79416
35570
65067
85805
66055
22152
45307
49927
19159
88238
46174
14409
34618
17914
45053
13119
41242
10793
45419
53785
7730
60519
69915
89812
48350
93330
57221
64284
28014
22168
3669
87906
42212
28889
16396
9228
61824
97122
77507
68379
78383
97580
80248
58693
12904
99621
23920
31218
98691
44798
86672
47915
46825
81827
96910
48232
67285
51524
72603
71717
93006
73924
89125
38237
57453
93049
22653
71041
29271
28774
3449
4316
50053
88392
42519
14308
9178
56502
61878
21330
56525
96339
35770
50367
40662
13145
2125
36350
1540
81864
54108
53181
34985
23896
57211
27800
31270
2676
13704
5992
64375
45814
81640
26223
22745
93369
26446
69806
81012
8227
93283
40991
77194
92772
51528
3875
4713
95122
17435
22834
83903
46657
91591
62952
38975
79511
77829
82141
72809
90765
96286
28523
378
58960
30169
47183
85442
76971
37126
45829
18656
9002
25877
93346
10960
67698
54501
66437
29182
76176
67715
24376
18180
64950
83643
69960
41512
10132
69446
66107
16931
64304
4983
4317
44319
5010
67811
11210
80414
84303
46798
45438
87209
98002
61381
98630
4991
25656
60806
55558
19234
38424
91264
97039
58996
12333
40982
13056
95950
85893
38063
41717
9849
77247
13106
14678
53013
55888
863
57765
36049
49145
71204
5767
97570
5931
67870
12386
45006
86529
79886
44187
55199
29046
49219
73120
44027
71781
73277
36914
85429
75731
4818
63156
68410
49092
80559
18233
63940
36677
8089
10120
57685
95927
69525
4805
31810
56440
17401
61908
70377
9954
16426
82747
15473
79407
24011
45367
22925
72012
66997
64603
89614
14368
97873
93363
610
39475
34357
16139
93239
49226
10315
73634
29805
18902
69650
44576
3575
68325
34932
85300
67093
15860
48604
29157
42375
76136
16872
9602
73764
86082
58673
59731
22430
55679
22098
74392
88265
20832
22035
18782
65298
59742
56151
85840
27716
42182
20707
57133
80443
86899
60217
95494
54274
1084
42716
13106
68089
92877
2742
42191
61122
72476
17593
45475
46806
53515
24759
48726
31406
37103
1340
31612
94339
10366
24589
38721
6248
68618
12268
22631
59973
79046
62950
84257
5585
31272
89647
91821
37799
48821
72291
33990
79078
65350
62228
80888
37218
32254
57091
30813
22317
2811
11444
11043
68491
47461
29581
70139
60818
31361
79154
92602
61961
83068
87408
88001
46132
87070
46978
55994
98892
48007
16041
77333
1216
45392
69474
83710
35729
32914
73751
68872
63251
12801
43675
57449
71091
69379
47860
25308
96387
3766
40877
38116
3305
1041
43092
12998
9116
10067
42063
20155
71247
6027
30009
94789
42108
6107
53185
83346
49031
54340
7222
44202
34898
3367
82630
50864
96794
31004
55367
70268
19731
50692
20540
90902
43225
57498
41236
90182
27901
32852
62914
77598
49814
85143
21966
36694
57506
51200
81113
59591
79620
20324
93870
38781
41444
61250
34127
69984
97870
41516
32620
51571
88904
55297
20772
2973
84432
62334
91496
90214
59705
21393
77843
38917
22171
55651
21103
2216
3736
5327
70361
92736
89479
49576
55414
12566
44554
59016
3798
31004
56168
64722
6994
82119
72423
51891
15157
89167
98139
31493
64738
43967
39080
16994
58733
36377
72049
14882
59474
92798
69107
26140
705
83830
79097
73976
91942
36022
36416
22491
24558
38496
31723
9996
31694
78520
86319
69368
75625
26009
70597
22105
95870
2754
89638
32126
93490
41368
33561
4253
52784
92465
37815
92634
31387
75150
79861
21381
97377
97513
24435
50018
37462
73867
57421
84331
84367
47739
3525
18529
75836
35851
960
49635
74918
77982
41834
34221
70131
76668
84163
4307
32393
47897
67641
33882
51605
3518
75720
86392
70296
83209
33253
96195
54847
56451
87330
95011
31547
5836
65869
56542
36038
57673
64647
93044
52514
7674
48292
19435
79737
23691
11934
63855
32703
22416
33178
26237
35994
75843
55058
26296
29380
2553
65723
99400
49101
2836
91475
53309
47130
56364
18724
8473
86378
94537
35504
53612
28103
79772
63385
33069
97519
45400
89858
2153
28195
58197
91962
3288
26684
45832
48425
401
89687
19221
37256
4030
15870
2203
38978
12219
85640
84788
86787
30484
85165
28093
4699
26359
6157
86258
91343
18383
25879
4413
50453
65238
94229
77718
84520
31483
73102
97978
34496
27618
97459
94496
77902
63949
54436
9221
542
5925
4612
1552
18930
97958
20265
60585
96693
13795
6989
1167
33223
34562
12147
45930
20962
71140
87248
14726
59684
89271
12278
48448
30544
5761
72411
66882
92386
86057
20028
95431
95813
61724
4035
40926
66959
60753
15342
18871
96715
3294
74023
30337
51514
61072
89551
62364
52760
71354
50940
4450
40009
82089
18882
44578
24661
8659
56904
17208
84886
19957
98468
56993
97244
55536
22471
53972
87702
14447
33022
42
43539
49511
13521
30977
78037
85537
19735
57194
59682
5191
54911
92324
21837
90315
28374
53254
41503
38734
89106
55529
68773
44835
70461
75837
25416
76317
41852
51218
41488
17397
10283
40041
47483
11076
51800
3057
41809
4273
84865
30816
99729
84709
34991
6663
75037
53360
96130
99701
30409
73099
30191
58574
65679
39154
93850
23228
65864
99610
6228
25258
44003
81249
30733
12316
20264
24167
27102
57231
33845
86209
90815
46906
60836
49658
91014
46170
85626
96300
41283
82361
95403
63818
45653
90354
44422
19266
63888
73828
35595
41965
15120
55805
12160
28852
60079
65302
39960
79699
94613
26427
11260
97634
59539
24994
57105
57100
73196
78444
63272
51119
11298
33363
39985
57591
3579
92437
38098
79094
39498
17580
71682
77615
95502
58607
50803
77756
9401
51597
44485
60270
5123
19654
85752
42640
36065
52842
926
20920
21626
63454
12469
3666
81868
88595
20209
60014
22759
75966
56096
63516
25432
16570
55069
24104
15450
38641
20880
991
20491
85539
81680
92270
97834
87218
23283
71671
66960
26318
2302
12545
43184
86849
34881
53764
4867
48086
95191
71495
37954
72676
73399
96373
23060
45350
40778
54990
55275
43565
40975
7733
41477
13707
81782
29567
38380
19115
3131
27214
50562
30530
26638
89788
67912
57681
81774
47357
68296
51294
68803
62376
35869
66897
19430
65003
97193
77741
63474
54229
90200
27421
20479
69870
23302
24953
14335
67425
76591
1376
92906
13246
10813
54297
13226
20917
25519
68047
23380
5364
6177
15455
91768
71613
57801
27097
66078
19203
31160
47230
51933
73775
36403
42762
24734
57029
22821
23583
76006
29687
19584
78058
10278
80005
71743
74420
18158
53682
66970
3536
10371
36253
67912
67491
47857
43148
99333
79920
69751
92864
14875
3578
1864
17935
32946
79227
33576
61131
20110
26681
74672
45631
4590
78128
12772
35933
95328
14187
67691
32412
50988
10894
23300
17536
6462
47393
67440
57631
16212
77409
83598
54793
2828
41656
1779
26344
14825
12486
15851
20449
28533
39695
29100
8728
173
48374
72420
67922
31031
51247
42621
27767
71048
94887
82680
39463
86889
80186
55267
29834
28213
41063
32423
21919
73108
79486
10405
87532
48337
34739
20983
75562
94864
11300
23751
64021
71439
37392
69359
85617
2105
56422
53066
96836
39946
35615
4660
92281
51508
93989
6867
93472
74308
18554
47688
96917
89607
89928
55515
2162
64125
63427
9905
53688
90872
75627
58105
52426
16626
20979
91323
61766
93931
53836
49296
34210
85118
66573
14839
76822
49564
26977
10449
70204
97805
64080
45453
35088
94040
82960
21544
77250
39593
16375
48032
62731
75300
69154
59413
79293
89392
73291
36933
38645
59419
34902
30216
28888
62505
17604
95276
75844
30301
27857
812
49365
64134
27352
21388
51688
57151
61549
1684
33263
42406
4737
28722
44177
95541
16749
72184
68446
96216
69885
82751
23952
81464
98987
63153
51155
14465
36933
26789
15416
67932
15098
15407
52711
92009
42161
43857
99832
55045
96566
88784
56609
59027
16963
59267
16006
44530
26966
58319
39959
83837
4846
36037
67936
42829
19820
5287
72221
13762
17322
19795
26448
87457
49347
57091
52957
471
76909
28895
97017
52144
5864
90798
56764
62514
9877
75563
3823
32407
17452
56358
52552
98063
57297
71116
58868
51405
21071
25680
4543
69673
13388
58929
7016
89314
13901
28820
39609
94194
40361
90204
76720
1283
52216
16507
15993
61483
85441
8275
44129
70174
32495
78758
36435
73547
27023
40631
80367
24938
85035
64624
73695
19141
56171
98001
71335
9679
46487
73176
67695
97917
88201
68413
14950
13422
96579
80268
99024
86498
1109
84513
38891
91136
73545
79185
6114
10326
6718
30830
12066
74351
77473
2309
50854
56012
96323
44223
16308
44946
22749
79716
17740
81067
68246
8866
15983
61012
2352
61638
90589
4675
29396
24676
48510
28998
17199
14809
78259
72893
1044
32699
16749
58374
94229
33598
77179
87247
75748
11930
43654
85600
66781
51080
75864
74269
79047
97448
87947
43799
47059
5992
64627
52250
49213
26591
58690
18022
232
49278
6231
83757
50356
18856
65523
38999
63500
57639
14769
27271
90377
79315
79276
45141
98222
33182
61303
71900
99036
9379
85797
51950
54833
26495
72829
89412
70514
25931
87613
53013
71083
11045
16575
80417
49597
50168
61038
87844
96625
94269
99642
73658
1295
59426
53884
81163
43812
47765
78996
71997
95944
69708
66956
91322
92815
81368
87856
71029
10450
23273
36122
358
41905
36786
3605
57819
66018
32743
44658
19918
27410
72210
66767
31228
16562
45812
62109
13724
12073
78313
62251
46285
67886
49421
53858
67371
6439
80324
68511
69421
13752
52201
34127
73916
72321
37565
21981
5393
18393
43010
90594
37886
30521
54445
47398
17408
42168
64415
17927
45085
72079
64312
18587
19849
54410
75589
61479
15716
95061
61720
5253
36018
8925
853
90584
71850
16584
2492
65426
29137
27116
26453
27397
99973
54605
146
47169
61379
92843
34390
1900
54459
82877
48806
937
77437
37339
60031
89981
60287
3159
84091
45360
33057
45403
941
8654
71249
82419
64277
6683
62710
57234
24548
75555
81470
67784
48728
95314
71472
78310
39143
61502
25343
87953
42105
10589
94916
26456
48525
82328
60516
6864
16745
96053
36085
31928
64275
42968
37318
24411
8391
81106
22540
69066
82658
40666
53347
60772
18914
18336
693
23083
51730
26852
90681
6121
58738
2543
69709
28605
79042
61575
88210
70738
6381
92491
90415
65136
27529
24812
80989
22113
9806
11428
15613
9308
5336
94745
16593
94291
35785
8152
97753
24098
11153
50869
5389
41200
54345
70028
36339
29055
2557
54890
75109
95831
79223
3648
1991
71901
92140
5068
51341
48317
56012
6855
59404
44908
6808
43628
52991
94801
87270
62540
43170
13030
65007
17188
67067
20944
70483
42483
21257
35605
91436
71036
77647
88518
92551
211
25210
70506
32230
8511
58132
13981
28359
12254
19695
11310
25971
1864
70076
70883
63783
46476
62203
15140
19402
73697
55531
96026
20634
11700
87383
36112
10614
87066
99248
32676
89792
99107
64051
661
49248
2760
85060
13965
66667
59572
23697
77144
25426
62697
48312
40290
43247
57223
65735
97833
61611
64466
79485
25542
23593
61382
47556
62149
20277
79883
48423
50374
10214
95586
78771
85818
41292
21220
80693
60961
9880
74913
64494
25377
67328
1123
92218
98145
70790
30966
4193
51790
10441
70046
36509
28315
70440
74181
47759
37341
20998
91929
42130
40772
29489
80226
8275
3490
8406
37795
96677
91379
93760
8242
58381
38793
73831
8363
38185
43301
46877
39827
11437
93273
87983
27521
48189
97519
45698
25293
37026
90780
23294
79996
54630
9217
91335
87007
17678
45458
84597
56359
2039
61562
90709
81065
46079
55116
76483
6862
50893
74854
56927
29608
33854
61920
15220
56135
57694
35561
7752
85047
70822
64685
34776
70933
19027
90487
53727
61727
50185
21551
7696
66726
74759
39013
19197
75533
14694
64146
13235
94902
98430
99164
68181
65485
26889
80271
35496
65953
38860
23456
79935
26297
25729
51969
71279
76552
32095
57825
82785
1096
32398
94741
7869
86662
95679
13747
27123
26249
82107
91658
68972
39639
54345
61426
60387
40312
99902
12028
2517
28603
1845
67177
91463
51716
45336
45984
4423
20572
80231
33416
72749
6588
12072
40992
95967
83881
36644
85339
80796
50393
83777
8975
84509
77288
89856
28017
82000
94365
26693
74493
85230
69824
55250
91807
89530
66878
73746
71369
45268
23506
7437
34105
71986
31687
45264
27587
1992
2169
76653
3249
19333
80926
75809
47652
80470
7901
65976
47342
38378
69689
77024
60878
2417
64029
69349
99786
43279
30185
66939
18839
69958
8558
77434
44006
42922
7569
38653
66485
1910
73384
99030
33573
4988
4508
36532
21681
89584
86310
92160
15391
42409
12484
57717
15626
53214
6870
33084
11420
63018
23735
7969
84866
36994
71364
37526
53263
30222
16748
9671
50307
6900
95780
8475
92539
28496
10242
60392
55104
27504
39852
78852
21154
23608
65880
35678
44083
89942
39052
8148
59547
18988
58441
29079
82909
65730
62278
58929
98919
25360
54191
14734
2544
74774
41761
37550
37863
41044
85092
62335
58546
84672
57184
58967
19533
90341
49243
71007
78156
11837
71416
64289
86581
10030
87536
35727
10351
55658
58060
36230
75856
72118
84168
56403
20110
91578
3864
34805
86291
23229
83319
21193
74146
39299
3285
87620
39691
46020
29674
84910
41774
119
63585
54379
92065
54123
22474
7497
9891
3950
99362
83815
88400
58784
4016
94959
78577
44922
95319
71498
16767
67012
22017
13706
25275
38960
90763
23624
60227
18131
8288
53927
6462
22297
18728
74718
21094
52326
63542
73909
98727
88816
98330
15996
88886
97069
94839
31349
36652
25544
61450
16584
55878
49831
2153
97246
74944
87322
39748
35759
50342
73968
13969
6536
3724
37689
83115
77775
64901
50920
50347
35771
19832
10616
61998
95045
64064
63668
73426
84431
24059
44669
22091
94886
75884
31418
76218
42412
63756
61697
22727
42457
47045
55730
60926
62057
57605
94764
90033
6169
25051
85928
31344
10777
83279
98109
26899
82026
15013
28967
40425
62683
29275
72502
62213
11494
46847
91524
36627
9083
64093
26165
27300
84865
28192
67056
41569
53057
73991
62645
52157
80552
28750
77297
29633
36081
3618
39853
90758
45214
95397
91524
27588
47413
92597
75307
20246
89262
45814
91391
81165
4361
9335
69526
26031
89455
86062
57694
52710
19494
63958
53722
35967
16987
82861
41676
76643
19604
73673
58642
27008
335
36602
66769
26149
70588
79855
97697
19110
2522
31163
53378
89598
73703
78089
63966
71021
45560
53988
95625
47311
61427
8290
10495
42908
73581
53493
32987
99764
38608
30368
5894
63432
28589
91162
79717
77186
3506
44497
92965
5066
48589
71300
47488
77957
35345
9191
69090
48676
21231
61641
48016
39777
61682
76313
88848
27152
49638
24725
52658
77126
73908
86092
25681
41568
41173
82299
68993
57073
39927
13568
16167
86145
98669
60736
28544
44238
5855
22801
91439
81239
37766
85830
83168
87717
69318
85379
40565
11966
82551
78806
93483
30192
10762
6394
44381
77621
58131
97428
91817
22665
38935
87633
98196
70159
76850
57614
40029
55716
92849
8431
43332
1501
26381
87861
57016
85674
64296
28242
97734
46197
73658
82793
60072
79080
20446
99102
23063
50556
14145
98476
15879
8405
65513
46703
46556
5149
58263
19167
18228
28419
39737
18985
98304
94423
83459
67608
73459
83473
74360
16000
95906
84413
45557
80099
44860
95980
5315
56887
23052
42976
36017
90644
5073
20489
89018
98434
45232
58891
23387
76932
16752
80443
18525
99500
62346
49936
28892
90299
90463
90643
63015
58259
28938
62295
73455
32582
66679
92161
54264
44834
365
48951
11936
79045
63065
13373
72241
43551
68211
62242
27915
34565
88931
40802
24762
26892
2104
43380
83232
58157
25095
50381
5118
68406
34191
82327
46182
11298
3714
70201
19365
41749
40816
39841
56084
30976
98048
17055
81218
56191
3088
80630
69324
85274
75733
64330
25621
90718
27383
45233
96322
72307
68002
95682
56591
77280
70026
74408
82781
14053
94656
20840
84668
41536
90669
54460
54245
17376
88506
27929
37603
57649
42483
74152
94042
26197
29699
19020
85959
1915
86338
71881
89756
31139
11133
22224
73795
10693
65181
14797
14025
87171
99424
88539
12196
27324
9878
18628
94888
97047
91511
15934
93162
887
61731
1790
8868
76920
13634
18727
47123
47067
87220
8698
78196
50991
69258
68523
59901
13467
30284
64194
4859
48205
67328
91527
51213
69768
23767
36105
89956
90873
82649
74807
30484
75584
47328
11139
76081
36262
11522
93892
2464
95240
14106
3921
3199
54625
2828
60063
90642
5956
56873
8860
72956
52012
49205
41418
87760
26486
23371
95219
73118
7099
31406
95709
81993
1072
84344
81373
43481
27676
26436
68465
92335
91640
89756
34713
35516
67682
29912
55692
1076
73746
59914
66079
82502
44362
47467
40773
39372
2331
32838
60264
77559
71133
47404
74384
28096
72527
7447
35514
39012
50278
10766
21862
26121
74774
34107
17584
94597
13576
94483
72142
92404
94624
20983
85187
66576
15437
23904
83788
1792
64732
3186
61794
69681
79092
48954
98001
68340
41658
63748
32763
82578
23725
96841
23945
59953
76519
66984
20539
53642
26215
61206
48835
35867
54102
81970
31995
36922
25188
89791
558
26458
97336
92892
39904
27387
61986
91522
18901
38065
53076
75076
21824
5540
18061
87088
66147
64714
15205
49672
87492
47435
52
62023
38720
22684
17674
29828
50534
10481
1832
53449
82409
49214
7619
29464
98342
71097
98953
840
98445
39534
30711
6144
21972
98452
82023
86443
38145
28935
78290
10005
95761
29129
17785
3419
20386
46479
12523
41396
4133
55574
29569
60345
27362
25252
26874
51593
41799
14898
94025
36911
48468
96986
28643
31960
26933
98009
40866
95194
35683
97287
70767
84733
96112
13055
62864
65109
60317
4483
54230
61020
61412
91808
13887
43441
15783
51423
94969
94692
25443
83918
15715
74211
36925
2437
79564
81934
21782
1456
64530
4981
96871
85004
47657
35416
48844
51730
69523
25584
96737
95193
13572
68743
99073
25272
70501
7985
92177
72677
76784
43464
37048
11831
605
23238
1878
20715
92357
87776
57222
20925
4512
36902
96318
16042
63438
58159
73201
5419
51965
5556
42773
54143
14135
82316
47949
61500
43444
4430
36996
1607
6095
67793
29797
65282
6552
30425
42179
93185
79281
95076
87439
34773
75643
24118
92354
79925
35575
2752
6446
64897
87581
9097
41953
83402
20647
57459
59174
2403
9377
41849
14130
61674
9123
58970
74110
4804
9465
35852
1787
889
29075
89445
67391
72120
36287
40726
73153
69870
46840
55898
38829
81111
89150
82347
15023
24522
45902
70827
57779
56771
64719
18106
52105
40303
64110
14524
57670
38275
58274
28844
77761
84503
42679
75145
28970
7
26289
4392
36912
63883
45981
81746
85630
62672
57336
18087
55489
19266
29790
86836
70254
64630
16783
65813
98826
46062
44535
21331
94737
31714
15416
48926
64676
43470
25022
74320
44827
50119
2810
89953
88648
449
64962
27529
30550
10714
96075
51961
88621
88447
94030
87239
99907
95054
34149
70102
36325
24419
15525
38644
20620
92883
80112
90278
86849
83321
51144
58934
73077
19242
30538
1810
54856
93002
90362
76500
54628
67771
77908
65216
61482
65253
89356
46703
85943
31957
94264
80504
61904
42880
72343
79721
35071
31012
54622
99787
27991
10982
65143
68542
62888
13868
55761
72613
10607
98745
32957
54036
88686
39546
20661
66745
81490
45240
17541
15839
91689
93906
28701
31699
32515
49896
22076
60580
85217
40574
53095
70080
9702
37076
77995
89333
80272
46388
87471
63165
11078
64764
59845
68914
75675
64180
81518
17328
18916
12794
21170
43543
59806
51125
58156
97010
95175
791
34446
93954
67587
12632
33563
12578
38224
85781
45573
77688
44098
66248
5220
68835
1503
79655
60078
5578
88765
4619
55323
72904
30329
5317
61068
31484
60266
57412
13216
22227
66927
42336
55148
27470
96013
74579
25049
74076
10650
97194
55323
48609
6080
75628
3909
14643
56791
97322
21692
36131
14375
40929
25570
45879
51343
3598
66444
65080
2557
36906
67161
10617
3121
70096
28274
27007
30847
10370
94133
7770
67277
87886
31284
38932
65791
44404
78684
58963
80213
16404
26258
21560
6135
26799
75775
55316
53198
28037
53441
34862
52631
18441
5513
99409
68473
38054
81396
90171
68033
47423
18684
25989
85218
6535
93884
21146
48596
42214
4262
31888
21609
25980
41365
73712
93334
90676
74963
61583
61424
67528
79739
44295
78955
73941
30662
1588
86960
62786
31818
44450
67754
86273
75177
84353
34345
27912
64292
65319
40481
8843
11621
43908
72917
35621
32329
64842
13856
30377
51105
15745
98013
73754
9191
99678
65585
54663
68400
17019
30896
95817
63319
10710
86734
37308
52907
20327
13946
20472
36261
21975
27156
99927
19193
74097
78018
86556
61559
72060
43960
93487
76679
90770
1585
80024
4369
85939
52764
85244
70546
25924
7655
81580
22784
8074
17970
25627
21387
39786
68001
3284
57395
24386
28432
19848
98724
28257
27159
65372
75645
85193
1424
50635
46643
26893
9485
67364
62274
27336
30139
49373
17664
65298
65627
81184
46090
65406
5553
29193
45951
31439
54962
92973
83984
64972
54396
25688
82341
2760
87449
86980
38800
3756
71110
59504
83241
33433
86813
62726
96242
66952
26492
26513
17671
67626
32552
72381
2591
14610
84739
87190
9586
48705
77138
63710
47375
94192
41600
21217
80993
35554
21516
25046
74441
34248
97295
27735
79598
65571
11490
74205
64960
46775
63853
9791
65013
53394
59152
21002
63997
30334
33502
66390
86583
47446
27190
13410
56819
58644
58306
86053
76474
44120
29584
9558
88720
58201
73337
34887
57633
30384
49616
96313
55665
22069
72072
2131
69479
64745
69819
29214
201
65121
49040
7566
81676
71064
18424
73491
34855
48050
85292
33854
26855
67858
33726
75605
37425
47757
53955
75530
96613
98719
52667
87995
94921
12253
15409
11527
57206
59551
56839
82281
18598
15386
69439
19082
47928
38791
85377
19573
36301
46132
97341
21567
90872
10523
2700
24684
14457
43867
89818
85067
22675
2892
58903
88561
80806
12282
98457
71714
62747
89862
32232
73549
14876
64576
17617
83213
75947
18830
72402
39636
71010
24022
10331
82410
39460
56089
14391
62516
71450
88807
79501
70668
89446
18803
55473
60612
70069
32296
95198
15954
74279
49204
63487
73404
59192
68514
96034
18412
48263
32963
59465
6557
49061
63637
15560
62400
40036
29197
99517
20530
24818
89015
34516
40635
71011
44758
54477
78083
93230
87606
38247
36996
97673
11967
2723
77606
54647
75292
29942
67629
66704
72157
13863
70327
45583
91350
25252
41356
12537
68054
22558
16151
13042
2225
43304
3027
20890
97390
23828
35705
47600
2504
86927
35602
96695
88517
93325
86673
84180
96673
86854
85120
5013
89463
87654
19870
69219
22129
74131
10363
97161
14610
72825
9267
52117
56819
7408
18335
42737
52645
59389
48842
89612
85911
96950
69630
86660
78960
89303
58480
37479
79861
80390
53637
57008
87596
7231
62869
89526
7230
55978
34533
461
16878
46584
75831
8102
8130
99458
44321
60884
4450
95959
15583
90131
83809
63297
61716
4231
47381
99692
78168
89006
97579
97080
11320
69669
60425
81999
11696
55345
23902
87728
50174
579
90893
65808
69420
12702
92942
17472
71914
14085
77444
65515
30395
7520
45180
63232
30936
57023
67040
97956
65529
47464
98454
84114
42669
94319
97318
68775
2875
36605
95277
59633
79095
19388
75336
63302
958
93355
94273
4256
51591
92283
48791
58365
97448
45624
38903
30751
6581
68109
95506
53159
57848
82288
65576
22868
52016
37917
70397
49672
43441
90619
6744
84812
93365
95765
15317
41858
26746
30903
24938
77211
42593
56320
5321
1640
92783
76755
9207
65552
22524
52102
32781
9316
16457
34665
19690
26999
6271
63926
27500
48333
30123
16221
90612
81275
46365
13508
76924
31965
2449
12389
89889
99217
924
20374
66543
29588
64042
66026
14361
51205
25620
2620
73193
92001
38166
40637
19906
83011
9670
99321
35138
29389
41498
38369
49495
36252
52818
92168
2969
16439
21879
53109
6995
85979
97097
44293
80893
2253
13110
32558
42759
99723
66445
80429
22655
25944
36729
51930
91010
47079
35820
8878
80362
9655
93424
92248
13749
25366
23889
23517
13388
22643
93379
16269
353
89764
76067
2232
26260
18756
50668
74358
13005
75626
54525
24692
74736
35400
31649
50905
94803
52807
66590
1576
26919
74595
609
31409
94770
29641
81639
59901
98396
84853
88349
92733
88573
13022
88244
33004
67393
83928
30951
81065
50666
1575
29579
50350
50536
51082
88149
90168
69030
89267
63181
66677
93844
40433
16630
67256
4267
31819
62408
86069
98765
70362
9163
69260
77015
4330
52104
68281
28773
59415
12377
72059
53306
89570
1819
49231
97462
52701
31648
41003
22362
6476
74714
50580
49341
92170
2572
37968
18417
26796
61926
33527
67198
27829
85506
54881
37816
13608
38128
2885
90173
73832
57973
46707
17543
35640
94252
36681
28879
80494
19009
50870
61015
95650
80898
97417
78515
4369
13018
53821
96337
47463
96657
22018
36161
69175
32680
39119
20310
64105
58994
98935
59062
1370
90843
64441
70900
78446
83862
12493
59905
48984
71849
51937
24784
17693
50218
72797
19988
28203
76813
88737
76256
31059
28349
34952
4890
78948
97373
22113
41784
8210
98174
53228
83391
54237
27678
3095
67147
98839
8249
17560
89256
19737
46652
91764
23466
41536
49845
63786
70108
7388
38166
17546
82463
52547
3012
55270
62657
61680
45901
48083
13723
7115
48964
21938
99316
88551
62232
40107
5121
37773
44932
65873
83350
60371
62993
82959
95432
66274
43331
41105
64662
29533
62439
31601
36326
45682
32092
66322
50038
86843
73513
47033
23990
86967
58494
21683
42528
71568
43138
26845
85710
60311
11518
64088
71560
52255
77550
75049
39416
35629
32742
32493
30447
76846
85677
32678
18335
91442
82041
84369
84335
63923
21231
94291
84409
16234
21014
80800
44560
55595
91941
15016
65072
96781
72886
85901
64938
94348
50154
44466
41632
480
63417
24973
45560
61557
41989
44149
38362
90480
98875
67460
15818
95796
23371
20998
54879
84226
17558
51411
29822
38035
88456
63293
9784
96660
65240
48403
2459
71158
97917
26403
89014
95180
24804
94898
7704
9800
12236
92712
5837
11107
50943
90706
83462
98530
67282
43471
89027
26220
50640
43370
45995
38719
32706
93816
16497
17080
89372
9652
83663
15408
11832
5290
80657
6452
16648
73024
58602
92321
76649
20288
82643
35142
39041
96763
20981
77791
8039
31390
30204
30586
14170
46825
17183
65002
40076
44118
66109
90446
68174
35518
19601
85596
37411
10391
53666
45913
83772
72332
97505
46461
91181
68126
42253
72327
65380
21128
4560
55976
99279
85612
5089
35452
61582
49933
62416
23340
83758
9279
13854
49333
16146
58522
70240
37962
3583
61710
29622
6699
20254
77672
19549
62615
57916
26489
57663
33186
64400
79674
86215
67848
54147
95250
1166
2552
15745
63409
75316
51825
52449
94354
36381
44762
34459
61134
99905
46559
78341
15038
98024
53799
45764
32891
57689
67547
85093
13230
43755
63056
96656
1351
14605
41492
21243
43701
87329
38339
34858
23172
51966
19441
32839
93481
56394
94768
73426
22616
43470
76875
93164
12285
57761
35686
1939
95717
54332
27212
73390
14520
43519
82821
24041
63612
78034
64748
80582
20203
64143
35427
5403
1284
54717
60873
36064
13219
50338
23133
34003
80449
57538
19221
6298
93403
14607
77109
7570
36022
54512
91339
45328
77730
59934
52797
40994
8792
57937
41456
20654
21009
64856
85063
72761
22331
65880
29153
2080
90467
88689
79280
29159
85164
8675
41405
59404
72643
66912
4475
26980
54198
73405
67687
33537
493
19010
88528
40735
2968
18977
82644
80060
56936
37848
23756
16106
92335
68655
52805
20164
90258
59384
26958
5789
63463
24561
45377
56353
57801
53352
97166
63352
70327
67114
26166
15744
87145
7120
57740
11964
59298
52138
99050
84350
8060
10687
9281
37339
62208
35943
49995
54115
59523
48123
9888
68046
2794
44171
5981
5316
73814
30932
91745
10796
54762
98879
26371
2140
21243
93608
4909
55830
72091
28169
26102
48605
38452
72420
19975
13948
1133
78919
24431
45065
50712
31695
75327
98913
23758
55445
82454
17316
1922
65368
93067
40550
91023
69026
45866
12243
23651
88431
63465
94847
79809
88721
11435
76353
83236
41531
35575
38334
23107
73278
71521
64312
21185
71846
84060
48100
45892
2472
68877
18297
39379
38629
65837
79869
33226
77747
85408
2870
28106
96732
5495
97667
75902
42586
96468
18315
27038
82567
1280
43184
67319
93799
3585
10136
19758
23248
97176
6582
94414
6417
13308
27048
67006
66732
29331
10402
10601