45919
27036
36361
64387
40104
79977
89858
50417
53011
96928
35296
14938
74904
94505
33511
14139
94643
96843
11942
29691
25357
47873
28909
46418
18621
17726
90315
78142
89679
53353
72527
86781
61102
58472
72917
24329
39100
30223
54855
16381
78655
62457
41276
78860
93232
20193
68964
20070
18728
19815
10768
3395
54585
99477
25338
73286
81967
35696
14308
19001
16182
74181
69004
15763
9178
93288
53995
45958
92960
73509
91665
83564
88845
76286
85010
63065
93227
70377
33146
31192
15382
5696
39655
28530
37682
12753
38208
31298
82555
85444
1269
18073
21455
1215
33544
70814
63222
61483
69462
10293
67591
89159
43601
91253
90058
8938
35408
73792
17976
7838
93824
74272
41323
78953
20744
26527
1862
66139
52227
20279
29384
80739
88033
59982
11447
33279
45136
7195
88539
6051
8851
70693
82309
87643
79425
36095
23437
61952
40908
78679
49808
65931
15428
79503
32167
92621
15932
85635
95995
71029
36947
86396
99384
51943
23226
84160
62950
23913
47720
89577
58418
47518
74270
85920
3990
30563
70962
31544
76269
30929
30258
92711
53213
92831
76280
15055
28532
28250
91177
33507
12840
39261
18771
92971
13552
64164
1279
71629
57431
8552
34072
51793
68648
35173
35223
3093
89401
65056
46366
68166
87022
52688
86802
79551
79268
98208
91539
1194
97520
18469
87935
68230
93195
66344
70822
80653
38872
94915
61280
51505
98387
78965
89103
73375
5457
50926
20156
98845
97436
10059
36145
8639
34739
54726
84791
73054
21583
9508
82038
49846
85221
57410
30979
69546
99026
27300
53225
14943
5642
25677
27060
3960
9987
300
57621
30727
54305
17535
95921
35166
89752
20110
32225
16992
71288
20726
97026
98678
25620
30654
7301
4532
6001
54965
22035
63581
18788
36692
16572
35445
7618
71789
24226
98696
89368
72389
14204
63475
20826
91340
19101
76974
90873
81850
34020
46157
96906
77168
42362
2289
27281
74331
39616
55835
72558
26868
11628
55234
2934
95009
17647
74275
62531
82442
33277
78538
49510
46440
92089
22490
78529
56023
42927
93857
45078
84622
36105
27522
62803
16389
21640
62514
98307
25869
97266
19113
34798
61554
6668
16430
39283
27270
53165
58152
46096
44281
16498
12444
67
97758
54908
72568
12415
82747
61840
79295
91723
12454
85506
40221
940
81267
80740
52435
42162
58323
68158
56300
29161
18559
18868
89228
2859
30862
5496
67471
25107
22196
75324
24988
57215
66731
4510
48292
28258
73286
41058
61479
89812
92402
25427
55879
33222
96066
84176
67311
48722
74590
64017
18586
42128
95571
39767
16089
43281
8730
99980
7873
75346
63915
11180
28328
29581
20118
41029
35071
4189
48568
93558
25714
194
41519
76670
64699
73464
5171
41145
27321
17156
69950
17736
26643
85242
33215
46643
9910
71858
2091
93470
52400
94598
2687
10311
28929
68423
320
59045
4814
88382
86669
22213
39267
41838
6379
8736
17320
63703
99548
21905
47725
32121
52468
74618
78102
45949
36145
8066
54201
8326
71682
28193
19220
92464
85476
59679
88003
87965
64392
15891
60917
93531
1293
17328
35843
55414
97869
94587
13614
69419
67367
13156
94364
59827
73747
70678
28047
3300
1698
38190
8468
73530
89901
77778
5625
44769
57052
63486
19120
34638
2498
89339
53403
25679
85803
74386
69282
84220
80510
64271
79003
54629
26410
86772
47251
96176
89967
67957
90671
24283
85391
25022
25020
80266
96111
27867
55827
74359
65572
3740
32485
31069
20710
43981
50621
59005
18566
55416
6944
56114
90631
51029
97048
1024
73603
51146
5119
25758
69413
26630
53557
34364
47
98411
48752
99437
52297
820
89211
51409
57866
69561
81334
18789
72153
55235
2558
45749
27117
88892
89447
10706
96065
58832
19997
10322
81316
95200
87685
89995
25543
61152
1886
65030
13720
53591
86011
92970
12788
21234
73863
96174
55000
28200
63517
46056
34099
59727
89466
58169
76120
80000
21246
23867
3725
9444
56883
30051
56194
30332
44697
60149
94548
25406
32337
99239
47766
64317
56154
42225
67977
13115
30153
27790
69632
44344
63926
71046
88496
96144
47322
18322
47870
41968
98734
84898
3589
24592
52114
45869
57578
23353
20244
79196
31450
43851
48643
88220
23550
61846
7731
78781
13241
85301
88482
26780
75825
79578
62707
85130
12276
7766
43183
58546
47509
75648
49737
92609
57003
74713
17623
68777
26625
65507
79609
32592
58787
19753
44163
26147
3106
76678
43928
68640
1468
35182
91995
83785
13983
422
72197
14886
87986
51794
40625
55090
98952
81586
47923
13783
43812
73508
58638
95099
30946
37862
63019
93016
78854
35527
27635
64309
18931
31244
48440
5485
94857
36777
82504
16172
74023
86143
11403
58850
53191
86274
35515
20429
39631
75685
44532
64606
51640
20647
36402
59841
3920
31366
77113
35000
14046
65341
75551
50802
16335
31046
26916
72114
75095
25557
44360
28573
75490
17827
76326
31336
34160
40282
81383
60951
13773
33279
5212
14055
42348
65203
4496
68387
8563
64941
95805
10194
99562
47567
26160
50744
89889
26388
23390
48016
66392
47866
6658
32882
47441
6271
53789
93086
34933
57498
81433
35546
77205
63948
59948
52105
56067
83979
75582
77462
50169
36090
93137
68512
62549
98307
16679
44088
60355
37994
48569
69941
33368
3453
97872
40204
90224
37269
68713
42811
12879
95600
33033
97635
15072
42114
47268
98625
98462
95278
38700
25280
95598
58104
26294
16139
8750
89313
8288
7464
30324
60638
48397
81044
28910
19082
34363
23044
74241
25287
88034
66907
50195
53598
94920
85032
37544
71964
45379
23565
91684
27139
59069
79445
8232
33144
28422
5236
10575
99908
82335
95274
60239
35040
7147
40721
16554
56071
48465
77386
35698
64419
5932
26712
27335
69372
5467
42729
15484
33302
14830
54047
7687
71880
50122
3908
29086
69147
48389
51181
34724
88050
19503
43707
7322
49765
3765
31710
13271
87789
5981
56113
86509
75787
462
67539
72209
67108
20462
55943
37640
72176
47891
52647
9720
27115
24607
13015
99822
88024
1063
80863
5734
64753
80728
37823
99831
17681
78838
47183
39857
61876
43339
48419
99569
926
69973
53394
3100
66075
48213
7500
20794
9759
29273
91761
22961
54186
45210
69062
30155
8655
71093
38209
4043
14578
10648
74792
18600
38247
48141
40399
51341
31467
24371
77583
76173
46067
1817
5537
3522
40212
58954
82265
79105
27601
28812
78957
92467
63210
97419
87062
44223
98263
10005
67701
72136
80803
73724
78943
1512
87080
2558
2740
17327
68311
83045
26411
19204
64270
60533
73950
28779
15280
1934
77807
43168
40589
47760
33212
14529
48316
3386
78932
6067
43324
30789
52579
17356
66717
30717
19424
75545
44236
89046
75525
49329
70080
11118
1732
34399
47622
93610
86360
78633
20980
42555
23884
91854
14638
75448
37054
19941
86138
16094
37411
15281
90722
42112
40481
2490
96336
78136
72161
13884
17985
1054
52846
10999
14520
4972
7765
73467
40836
98252
96972
44251
67964
62495
99665
35102
23910
21157
7416
20430
39023
66407
96669
79106
7889
42630
98868
58342
87717
57505
67750
53646
85544
53022
18829
29999
66599
36080
5625
93479
39792
42690
50811
80431
27568
52388
90240
32586
50061
9746
80112
6659
13160
38007
84467
77663
89785
15816
3677
3940
586
30303
90604
47694
91036
72313
792
55517
24384
55785
76721
27582
66504
4585
18502
42106
18367
92795
51933
81626
87611
20300
29599
77900
16531
60460
73281
60707
49297
46884
39486
5455
75612
24233
75540
5375
33402
76985
45830
6173
16624
41998
71095
69953
86146
85085
91792
15050
7789
42422
27645
1405
15484
42562
29313
97433
10373
37123
42797
87218
78676
3660
24880
77357
2422
6565
85765
90798
24109
15070
53039
69096
1658
74190
67805
68557
82114
20704
52523
67806
6866
57870
88381
54253
17191
18535
3140
68732
70875
97652
50303
22888
90769
34572
47081
39909
21840
25820
78499
17744
90703
46208
28313
15287
26675
96471
2666
24092
62690
48839
98331
76725
30397
96474
40718
64246
21333
18499
25182
41092
99918
43131
50328
59836
48170
6451
88202
98451
79724
81121
80344
31843
64799
29399
49578
35525
64016
21116
44693
34337
85244
44643
3399
79861
24576
87759
61937
43473
9249
18195
24612
60189
36343
58654
37626
82824
795
87328
99642
78751
89882
2173
2927
74512
79772
40469
91687
24566
59200
59160
69503
73073
18610
23785
12337
46745
46157
38103
17971
90363
21344
15252
89663
18195
17663
11761
11314
34175
32808
54053
70239
23563
159
98045
49179
70437
22684
41693
73671
45323
33237
90371
4627
2521
45480
62785
49078
59286
30936
36047
56868
91655
234
97275
54647
23791
24556
27290
40851
53187
87
33723
33888
92863
49536
60254
96530
33414
45123
96637
53945
21600
7673
44106
48634
75681
6821
94860
24705
37817
74660
69775
24364
88893
28385
39419
62353
45183
47884
92317
27536
36957
387
21707
97038
74452
32613
2651
33090
42763
13075
34159
63848
41835
22911
59640
14385
49733
62833
31703
58807
30308
5985
4136
15580
33380
26198
95403
11507
5436
25453
4384
8033
93306
39749
89586
34442
21050
57144
67846
48794
44608
98597
32224
61382
81088
17957
80159
92261
77773
88502
47587
8125
53581
24064
87045
30481
3048
52010
79852
19658
23803
46434
19509
94951
22461
43879
32831
18152
88122
28
3525
79204
37808
59186
27652
51268
70628
22951
2066
98729
60741
37956
85966
21980
6043
43252
77359
99556
62288
1281
96712
35115
94182
87541
29612
45279
67831
76039
63608
99106
97441
54226
62601
30089
47521
27136
87777
51745
21893
36906
34382
79580
98752
16467
37352
66607
58764
15839
54077
23418
73845
14919
35987
84649
12157
3433
6046
22888
62831
83355
13791
95155
73785
83140
46235
25666
42485
6635
46649
74436
46302
8415
83593
3834
34155
46565
3744
771
65848
67527
22005
21751
85870
55600
68124
69212
90471
39654
7219
22755
31220
47484
66937
39383
81647
5001
66304
48128
46253
41065
76934
77985
26122
17508
45931
97472
59362
78739
12098
82811
60194
98998
59319
52361
43937
42572
45821
16740
61906
85677
67428
68334
99465
10362
28890
16105
26046
98019
81409
86616
72385
95573
23737
85625
33037
74202
8752
41840
17444
45577
36773
94350
84500
71328
48246
27032
83346
10596
47031
35523
61430
17191
17826
47594
50008
226
27858
59547
64067
85802
48467
15459
10309
35681
66096
24383
37300
25078
21140
52007
71848
27264
80907
42226
12368
21288
55438
99195
6955
9904
70568
88454
86782
10840
44262
60913
77344
29293
45439
13449
96004
72265
81522
48958
30206
88281
24743
54539
76820
41009
68106
48695
44825
78198
96325
92064
49767
35298
74527
45463
78623
93548
30336
97198
26815
28322
64613
46153
6003
48907
92205
98474
70196
11119
66317
47803
80473
70414
72003
98553
31332
95327
26538
34262
86111
83905
26333
10848
61350
4562
74055
85500
36625
66027
38034
21013
35666
37426
22490
51022
86123
2084
64096
86506
12785
94468
72924
89535
3153
97772
96878
31374
62421
46921
13611
40257
51718
65047
57305
98625
62647
54037
33671
1760
76181
59766
79186
59864
47794
338
31912
87476
26991
10777
93592
34608
36689
4385
60113
66309
22224
48202
96106
80753
79981
96145
56863
4895
76941
19045
96273
51590
58719
51746
98129
61505
78929
14103
99339
50712
39662
28338
35665
79591
70957
49699
80199
40908
79039
51454
96314
67844
19610
31833
83998
14753
351
72271
77233
97630
15709
14056
90835
39800
52650
70563
53640
91000
40621
62584
98726
30614
64875
25336
30373
25065
87975
88423
12686
3213
72348
56087
41741
41175
28905
24223
68520
87431
38928
59536
31587
51275
97310
98680
63087
8725
12886
16198
32966
36697
19880
77384
82194
44069
53591
39137
28635
52835
23130
52896
40331
30754
21620
97536
59238
72664
7706
53319
59451
76593
52427
88638
51643
49432
11309
5748
6322
68805
14663
13843
62423
66431
65988
46885
64933
76640
92817
76835
35075
66106
8166
87446
49518
48141
72060
47443
59642
14075
31550
60249
83467
21446
36372
31431
2935
20770
15266
73014
67084
98041
94421
15240
9145
91131
39192
20425
68838
4202
92659
12025
41123
75507
52621
3285
66273
571
74029
45900
25953
97229
77048
23293
7904
67160
20123
70586
22365
41008
96170
65495
98785
14505
66674
84795
93439
24708
33855
95468
78232
93060
24466
20926
14895
20308
25287
54221
74598
28671
42089
73420
69697
4151
68957
98341
14425
50137
5984
4237
52950
55793
92079
83804
86527
89450
59211
1833
20958
56460
26103
91900
11769
26849
75311
24648
71116
39395
69117
36090
13409
42590
38041
56582
63427
82525
10375
77416
1145
61482
66342
87032
14353
80081
81530
11222
69738
89282
88554
89434
88874
619
79812
40366
35916
46109
80975
28969
91512
38673
15974
38036
76098
56291
15172
83968
35772
9736
24039
91194
81578
82357
6126
75038
76320
40638
73720
90632
55229
60238
65517
77201
53196
28164
6659
44822
26040
82141
11308
12000
8026
61244
54944
32164
36048
34564
41391
60703
27258
81702
32614
64967
34128
24420
99180
7886
39938
678
83229
38010
59429
58958
45919
11692
35965
62606
84019
61047
38832
82875
62667
50351
45112
94007
5262
27179
55696
6194
66724
38060
51541
99785
77486
4166
91645
81703
29780
44475
45417
91829
27474
40888
88129
42213
18856
17202
1676
41469
61672
49735
27583
82378
13327
37176
79324
96574
43426
77584
87181
18372
43447
71856
58197
89630
52037
96320
5705
54376
6940
98087
38870
97406
70773
43595
41370
42059
50722
86710
28778
82901
98744
59657
76518
78246
74553
11408
97907
4263
3896
99966
43843
12822
62986
66443
56892
16878
69865
86018
55922
7176
79704
3172
65590
38073
12511
6414
78587
9797
90473
33597
27484
7767
61127
97399
73829
39582
83184
26778
90402
61113
25618
82470
70865
20852
86189
67275
27270
43648
23003
85930
28325
41187
9629
6706
40778
11641
85206
43874
38015
50483
98797
49949
70519
29297
75337
68135
81851
5940
38496
70924
77423
37215
94195
96568
24325
34373
98721
28366
60440
38045
93464
36366
33224
94265
19281
29316
73421
5818
36807
57916
47684
12886
75814
23138
26021
74120
56603
35814
73339
82967
79623
17622
47602
14518
75517
48205
50759
91531
17921
98588
30010
89500
15226
64064
15837
40762
47573
1114
68904
78713
33071
7727
57833
66717
83557
29722
16711
12757
58240
26739
38512
14563
26576
88973
97953
27789
9805
19961
43430
64242
85701
4281
14533
33320
91880
24455
69712
57791
36702
78673
68427
36047
75370
98449
21043
46388
12911
35687
3385
17971
77566
58069
66868
48390
65997
92591
89234
17856
18315
78409
30878
14292
92652
37639
10101
76689
65505
19577
17788
10374
76106
76995
35764
98792
84242
96837
22481
62892
39343
68961
41681
73782
57028
71600
8443
36909
56698
32971
34258
18139
51661
89449
51259
37657
37049
79380
13933
63508
20707
25096
85301
35437
34961
14614
52883
63757
45645
76631
62076
50750
69847
77988
18688
53244
94889
63653
34908
44422
82081
37122
73021
65377
86993
79363
53169
11568
33080
21042
62464
39138
75934
29939
24019
4150
77190
89380
49123
90420
32475
25975
25826
19742
91589
60245
53119
9241
1220
48798
3677
15045
8214
84325
33525
49939
49426
22838
65934
90469
27581
56344
59148
6286
71290
15223
88115
13565
89093
99053
31999
83693
85062
68315
3011
66031
20285
56494
32725
3660
12656
91885
87627
60625
7388
51843
99549
82486
94873
73466
6450
28099
71442
71846
69406
53807
47507
86881
36047
15576
15990
86995
8666
77096
66614
12810
48754
85278
78860
74453
78841
73790
26886
7901
76495
37737
17017
27845
13744
16403
5277
50985
26866
39948
65938
3482
38632
11649
30610
57212
74582
48756
65380
75237
43136
33082
38273
16792
49232
61711
14842
67227
55334
3214
41076
9363
33572
98645
62012
49002
94936
13368
39979
74766
47479
88083
64285
28510
41240
7746
66243
99368
30837
81619
83269
56452
60582
61986
4263
81139
61184
7988
23288
4508
10192
4313
99218
37466
77604
37524
90987
78834
16988
13136
75578
23820
57191
27973
64205
14126
66807
96832
44737
63971
65663
78802
84105
23569
45130
70312
7476
59668
87799
5156
93394
16596
34660
66122
25751
71316
96742
80995
94236
64430
71312
92471
21699
73850
48408
50517
9316
58003
22979
18123
96678
22880
71114
28039
29576
68303
23720
19031
20029
24180
75817
420
29796
81945
89829
68980
57928
80208
12864
78001
83577
92153
77165
93757
18959
17044
42452
17242
10666
57062
90940
91317
3349
52032
26395
11084
44235
92544
95019
45208
18489
88377
43818
74975
62871
53128
74801
8116
73973
10706
81086
85793
47900
69713
11321
72228
38286
32303
26522
22968
43372
65119
56947
39340
53418
6604
12704
43719
42429
54827
14682
81740
70155
63583
20615
81806
26179
21366
5065
54732
18387
31385
57879
27745
93097
4281
67639
34649
47089
98503
36618
7702
89877
13682
93249
89091
92749
92182
77728
11230
71226
55328
32570
88040
22115
78809
72665
19204
58872
46069
69488
80513
40995
34632
39494
61846
92677
72769
87670
39275
79147
59621
66188
10832
78057
99291
68880
42432
42020
83490
26464
11037
17939
91367
42840
65395
25526
98781
51456
69507
44058
93293
81540
58927
46328
28100
95378
63961
81528
45992
67664
46759
47897
54617
18547
77354
62503
40861
74757
91821
54302
34046
55504
43482
33208
18959
84975
59922
48598
15258
90095
38445
26637
63753
84947
85262
68519
57175
63694
4886
38843
41171
69160
25827
39410
99537
21248
75096
6834
71602
81312
38816
4521
85655
74608
78494
79300
97853
87431
21791
90669
99210
93477
41800
19242
27295
52974
47244
86660
89485
66638
5558
33178
30911
33387
32180
32178
30209
25789
98609
56239
2701
4385
20409
95648
41938
21331
50156
46587
96213
14208
34348
98249
35973
93003
65580
28685
88762
10449
73674
36076
82625
98383
1561
90702
6226
67187
28352
92612
3744
21258
20074
34933
34192
10015
656
40381
58226
72167
37534
98244
39798
88461
83352
58258
54480
25771
2241
77508
58962
74703
85882
15912
98608
18660
45703
34655
81090
67444
25611
17339
24594
34404
33829
61981
83200
94297
60050
75373
53039
30439
39409
66019
67337
77286
25330
94914
48968
24778
15127
8404
51774
46711
98314
87191
81717
27173
59505
48319
1828
69746
71254
91965
4050
74808
92354
43645
25454
85090
65217
91011
15185
96891
758
98877
28220
57518
96623
60214
31195
88187
37230
66653
64022
68363
42694
2152
57609
47715
46063
95478
53431
36849
27382
61498
48710
97774
67677
79979
94326
37753
17446
44086
81613
90026
64254
95887
69440
40535
67113
48369
84677
97698
32997
61011
94082
39678
22531
87494
20161
76973
64575
58940
14352
1328
89366
30876
57432
85479
29126
3685
9220
13353
55147
13109
62384
78927
19054
43512
33583
14295
6947
81402
23133
93291
83791
66219
80986
412
2358
75510
5095
10733
72377
81518
14750
8338
86710
28808
52704
53704
21193
4646
83849
772
117
62375
4615
32804
34821
71381
99693
13414
65739
33529
37026
51882
76410
95702
99420
50649
89922
5434
94368
49644
7050
43683
43147
86518
66389
26181
70524
73874
8599
71700
51730
95108
66578
26711
57858
33139
62081
45599
19191
55695
76137
22349
30203
15206
81837
46656
88384
65167
62843
78636
25609
21900
82810
86306
90293
90411
6812
33935
60897
86289
70818
34964
54178
68888
18939
70513
67160
78413
99012
74464
83573
53817
79587
2900
38325
6139
21810
54073
1716
97031
99386
66033
32202
69520
33670
80604
48203
63466
33657
63864
57619
49112
25049
18356
2578
6649
95274
41693
99545
51413
34958
27826
9283
41165
42893
33842
48124
29054
21980
61463
8843
13088
75532
10060
67375
90648
30394
82885
2114
86872
16726
35405
75545
83012
81179
99002
9049
66890
25242
8245
52757
19345
37265
10616
71187
29839
20755
15583
77251
17852
14052
32740
32486
79562
83231
10383
68006
19793
62528
75274
89497
95894
45110
9048
3388
63861
55294
99920
80682
49959
86049
94908
48981
65802
42131
18292
15570
60100
5001
17884
3267
55762
92636
19850
53318
67488
59441
97908
65598
94722
30591
82081
46312
85474
75870
95671
93024
22189
37525
79472
64260
36268
80413
16774
12524
14495
69971
28771
14626
81270
94163
69184
50291
43606
59556
98924
84357
38665
72467
13138
17168
24579
20273
29021
87485
98766
90928
2949
5569
3136
22801
2214
93765
74180
82973
32853
71530
50861
67930
92302
70183
28724
72534
94154
75856
31258
16843
16232
32772
54416
5015
1015
255
158
65876
52567
66130
41747
51171
95283
18980
88195
60511
63921
7788
70083
9428
70202
20627
96513
28105
93344
3302
31462
88728
61489
44012
80494
55194
24243
98652
93985
98532
90456
69249
90055
287
69289
99052
65554
14309
75279
99272
69538
49207
87873
38055
46340
88922
78989
63914
37516
33593
64198
50128
28369
33205
26866
49146
45839
35853
52825
78370
4028
43037
20911
62622
80262
15534
79787
50208
88141
92740
57300
34623
60863
94780
91724
30900
26917
97493
72286
46949
11971
8565
42413
96189
66317
18629
92632
43379
78318
80310
45501
46231
75605
67859
16564
39310
32633
27684
76873
76548
11725
74828
19270
48780
88194
91061
7782
52206
60328
66728
33370
6711
54913
68061
2635
88435
6097
14936
57694
62581
35210
49837
57941
12279
29509
99299
42125
52133
18853
66872
50659
69513
2203
13236
69440
69368
77709
95114
47408
55769
1797
13175
54914
98210
83041
204
7892
92774
62511
90258
57001
93727
63960
60026
19566
22790
62949
87064
11537
97438
46223
34363
74306
15860
36282
29495
93531
71882
23049
79236
98404
86111
76297
72913
27593
11455
56620
76816
11977
60876
72382
27697
19839
96394
46141
49729
23853
18953
70839
39004
8242
2547
62814
92918
6793
49483
42164
68727
5316
16307
24177
72325
39966
40426
65695
74800
24199
91186
49074
75232
2661
89675
96894
86839
37958
68983
84803
27583
37598
65699
736
7679
21446
77509
25640
49247
57490
34185
68130
73960
74833
78149
50885
39847
41877
46589
52982
83107
80060
14253
33354
96660
62629
84883
35841
60440
41642
7234
63337
4212
70911
22283
17789
90252
94960
91799
70393
50342
63855
1825
13964
24635
68266
68614
26767
88689
92864
45896
60255
35044
9401
74429
58628
33497
8487
75303
57297
85824
67818
29484
41722
56616
82871
30062
40611
1477
75207
58305
55072
66326
10434
69432
91068
2200
73314
39554
98061
74935
26507
58612
59668
20516
48386
68090
69615
38752
68354
57765
9303
34406
59245
82362
87353
95035
60172
50295
55544
88851
88356
67537
54765
78849
90021
92146
59819
65829
70526
95669
7643
3900
83926
56410
61059
11626
82558
78829
27093
29042
26016
87627
79978
58229
82235
99709
10170
2867
11693
88312
60365
51054
62670
67036
75429
39521
18194
60468
70827
77067
66085
82738
89390
11185
20769
21086
2337
44383
68419
63288
14662
38614
4161
81398
36567
29787
76400
9235
54617
88643
79847
99043
4977
75283
48265
50722
77662
47603
76101
17504
29396
88761
76692
14950
9654
38622
18435
52061
24979
82505
75285
31012
90727
82460
55739
95701
7528
80343
77317
81482
67600
62872
24732
823
79684
15036
38405
14869
90498
47096
33809
6218
33005
20830
2245
62125
85357
71903
38315
55241
57383
15292
34460
95333
72910
54047
59422
3758
85414
16450
89024
28154
9877
93906
37517
29334
23578
22227
77878
54154
42792
28575
31240
93620
46673
95213
7103
39756
58395
80777
39499
60786
24103
73539
89763
78573
30427
20457
37858
9287
97134
62035
41158
49324
62131
91851
71943
12809
32298
19823
16969
62085
70016
4614
75772
88538
52747
54896
96045
71910
32002
13648
63393
42732
76455
88882
80289
6989
7532
40786
13225
94899
4624
73666
85257
34915
60977
41994
40973
8237
97525
55194
89501
99566
95024
74647
76464
6406
75351
95668
5059
66025
3445
64846
72987
58373
5472
80492
28813
98700
18849
3563
94634
95732
89236
10648
44844
76837
48320
24518
78552
39549
70966
87791
16096
62115
51987
10669
84550
29621
98200
43923
20053
35171
49734
75266
12201
63347
66229
70578
10570
7924
70261
47041
62220
37574
10614
50319
59574
9771
81331
53077
13190
4280
30065
21842
84871
48614
89605
32468
5900
12012
97314
10939
73992
67437
12490
51496
40829
3601
44258
80098
73425
35733
85351
43685
38173
78526
54322
11838
89724
82329
78988
9923
59013
89772
28022
55841
86037
16945
9578
2520
88740
26603
33812
79145
15353
70760
7731
17161
95676
18809
86811
68474
12177
79549
89910
10856
37883
87371
3117
74994
22465
47718
80182
95161
17031
63862
89349
33534
51146
40774
73003
71737
53426
12645
26504
52180
76662
88774
53101
1437
15203
97009
32292
82147
9342
10843
25349
60206
7739
26021
18933
51729
31370
54261
73025
38782
93547
32201
71523
4715
89937
48538
87258
79935
1082
31952
84045
47123
31482
19027
19242
81507
74297
91242
6965
84854
98417
71931
99802
81853
73253
74217
24687
25719
19613
73954
81514
49917
58760
98076
98157
54247
25977
42940
80212
72876
38031
94022
67872
18953
59873
76100
14156
97426
60417
30802
53505
53349
13565
34274
36452
82021
11409
8779
26862
24562
73734
44723
57840
33151
19693
82011
64148
10781
65783
40197
59175
64811
54805
98979
82890
51786
88128
20789
10291
77042
68870
57985
5850
31187
81779
95801
10124
75034
61130
17326
17267
84199
5282
87686
98776
3469
68856
9407
25556
73487
46923
55036
36737
19316
20618
5583
42633
34712
24145
16426
28827
12819
68419
93316
32380
85341
97220
73578
30561
70359
10067
29431
45337
38450
41926
1293
95818
25408
39690
65421
75783
97469
72123
26002
48354
48630
56737
71524
99070
18065
1862
61289
61235
73616
14618
18363
75467
29046
62001
35675
49524
69816
23801
6284
740
11995
45426
68657
66188
99428
82563
29698
65338
20266
90957
15830
22616
97873
25199
32042
53928
36733
40083
69921
18856
22217
10342
13322
77466
94012
47468
61513
44225
65086
42020
43809
89086
71058
84684
80147
6554
54632
85183
83513
46686
55205
99730
8114
42249
45282
29908
91853
8543
51389
57845
37738
32081
20445
19006
72232
45103
14843
9561
2778
83677
54309
16930
56640
91169
18646
6313
39106
57845
90694
89524
57051
85347
28551
67913
48773
71766
52197
38889
40067
57773
82872
4262
95366
13675
33531
13002
81361
21283
95534
82495
25847
29896
5173
72533
92940
81628
12289
23975
87789
42510
63880
27494
53934
97865
21853
70796
6295
10598
91921
54010
10045
80300
25734
75478
59065
57032
76738
15507
64374
1744
80503
8499
46774
48014
849
69701
48324
11877
32035
21662
65901
44849
65679
42130
20122
7814
88090
88932
95743
82953
66421
42316
9708
54219
57579
63187
26898
53846
619
45986
19969
58481
39893
33031
40445
65167
14356
59514
29125
71915
31124
2213
13280
50132
79816
27428
40177
77314
27847
20645
90715
43822
18603
67658
49567
57391
84583
51452
95761
54286
70227
43305
50489
82690
70089
85243
2463
44822
86741
13999
44084
68504
98932
19945
98689
72048
4959
79619
1754
44199
13413
76863
67440
33288
61136
76088
80677
83203
11118
50608
49586
65683
49092
74794
56537
10616
76601
97420
15549
36893
79886
40667
54588
62248
42251
37541
59856
61718
66662
58810
68710
82571
68195
51911
83156
36585
9797
88312
91863
74969
94739
54707
59802
77958
27178
46106
49244
15063
13634
91965
66938
67258
20858
19537
38469
55400
13853
46473
83374
43915
45121
5336
34938
78393
15808
53600
91703
42605
84994
77082
66426
69640
41960
10461
49410
97570
2185
94170
7355
73846
3647
54239
85914
23503
49062
49387
4017
42491
89092
95646
52229
42842
59111
15044
82104
92959
53959
96656
34537
84813
2207
41250
22167
79772
25482
79572
54100
53534
53414
57318
25902
16326
47949
98999
67964
67013
18740
95479
27831
16742
50290
7791
57403
57864
92952
75864
31755
54567
1649
92
37679
85517
42758
48385
13691
51750
81676
20668
85137
32248
40170
52174
42750
75635
37988
54541
38631
30314
13772
68603
93460
78446
70523
28936
90526
31434
23215
82074
69312
66856
44873
705
49114
32346
10056
54140
94137
98962
90579
84392
19070
50860
49424
4794
6676
46658
86864
79688
36378
99890
66039
30237
85970
27331
85308
14243
78218
156
46019
64200
14866
29367
29543
36623
96965
91392
42256
15432
22081
80661
89973
61893
62995
59672
21504
58945
35962
68911
97670
56152
34837
59410
73348
93815
43497
31414
91621
61987
94929
51650
64142
23676
94919
26668
36624
12743
17570
23522
48919
26880
8402
19608
14039
62434
37068
98585
75487
22425
58642
11610
46225
35908
33528
28736
95164
44480
1781
14230
24436
69092
79827
69014
82975
15190
76949
60980
49870
3127
66612
51637
38656
46974
17735
5503
33637
76600
60696
64161
54597
71365
78761
30563
32155
3551
97186
80337
46659
25596
97264
81751
75908
59223
64212
29066
49219
11635
79781
86301
59915
8399
33970
84203
27722
54273
47469
47036
97106
60650
22679
12433
73262
78604
53967
1594
13100
46447
5100
75458
8697
56836
15317
73134
81997
77147
62003
88739
6707
34921
31239
34000
3805
59585
68909
83506
83322
94408
56456
62463
88254
81196
34354
72273
18554
88836
58844
83423
55646
38355
19669
45997
98603
9063
71549
60435
11586
25781
29226
17356
34249
15029
61189
41141
53953
98525
7436
79448
2739
36325
40143
10739
21767
60924
25587
39008
59609
58295
44862
27422
58979
68449
76475
46912
20802
63075
34088
81071
74577
80243
35758
2421
74596
35365
83336
49695
39744
26247
48164
96161
39683
5846
64742
15007
28628
96438
59627
28090
24720
2336
87021
60716
31457
47419
2973
39017
60594
35622
3195
28246
5158
39003
6612
44079
91167
18857
27322
60321
43041
90350
69843
10487
61607
55316
38237
15112
87281
61829
31758
27657
58131
92410
14968
64854
24010
9454
99424
32368
66874
23891
31530
38550
89851
93811
61813
90006
63910
53212
14564
5687
31972
37510
9326
39918
17685
92222
32281
61745
15842
46325
92146
40269
23664
46618
58707
18545
58967
29424
56584
61672
61422
6682
31237
603
38713
51490
93546
45068
60433
326
11333
91034
29458
98811
87415
20457
43475
57144
46638
40885
83207
90893
34021
29067
82726
16900
16049
3618
86229
20749
29184
7738
83788
91313
17827
76305
59670
59613
79282
53342
25993
40408
96742
67810
91786
59779
35706
58731
77314
86869
49377
96237
7418
43418
58130
502
55550
74770
62098
88112
61938
47488
7855
42595
43820
42168
35771
50354
23862
67523
99885
9903
2465
4838
23511
12518
43236
33407
41349
74909
12049
2415
30829
54991
92547
35016
79359
54913
64458
95543
13076
94660
76465
39029
6782
96653
45841
77578
18537
79153
41607
91457
43613
64389
80280
46120
9558
84633
12036
20739
47640
57736
12897
7568
59468
70532
27075
15665
7016
69360
67978
16383
32409
17616
78618
28817
46917
6219
56781
20674
57563
96737
56356
93136
88375
31032
82457
68029
85358
14776
21038
28838
70494
38777
29743
99636
43787
76742
86148
3666
30394
71176
83640
43449
54263
66829
81492
46325
19977
41166
66439
27796
47261
46989
16060
58186
6356
35394
10393
65189
68588
2699
50351
97467
50597
51636
83197
83745
28639
82561
80621
42733
37043
9369
93353
78347
77362
76840
51713
71327
75612
65185
89207
90044
98513
8886
13343
85113
223
65941
23580
32661
20064
96378
55026
65370
68984
10869
33743
22663
88556
35318
4934
25914
96903
17050
75521
73604
45916
13637
26648
28155
99703
39906
54861
17787
22735
84509
47353
47649
96471
56741
78531
59540
20398
5249
51958
9760
53734
66456
47647
72257
41280
98351
19502
62767
76214
80273
42452
32682
55167
52972
46459
86958
72002
4568
96410
91579
86953
66215
52464
40477
48264
71308
91646
66812
72788
71316
85504
91449
38796
56465
79815
44229
13485
92926
91302
30226
65407
59449
42488
68580
28626
28154
26187
25535
56016
420
44718
63337
55313
27806
99394
78003
51224
45915
39406
55976
85092
80862
90621
90465
57502
57095
5237
40552
44236
18359
91156
18042
8455
39184
34928
49175
11259
16184
8269
58147
48459
2642
52858
38780
77983
8845
54686
59843
41041
4628
99133
47279
15083
2470
27758
29801
57844
24358
8646
64351
23310
98855
65841
53166
54142
94403
95528
79002
1510
79254
86598
49238
74674
79108
25886
10425
49721
75450
34613
46522
27136
441
29516
56131
17406
10525
93844
44550
35972
3471
68836
28442
51558
73148
99137
81430
48672
95271
88824
16045
85915
61534
99889
28389
29138
58414
3108
14175
906
52462
23666
33789
23332
16077
67187
50549
92620
21587
25470
35759
60462
57341
72976
67945
97371
83766
24398
53490
53912
45712
31486
34702
7467
914
96447
30617
48193
6208
89128
9197
44464
85109
68089
2783
75032
82583
35982
82439
41913
89853
26898
70809
85696
94001
42714
15048
6282
14302
93338
21350
86885
24942
9195
39076
28172
58499
17099
12114
39763
48007
52551
23646
94209
50208
25880
79347
47382
36900
20936
21429
76735
98426
5454
50245
41752
32846
10786
60216
4039
94832
50655
48491
81819
45758
99734
26105
41506
29997
13576
17432
79491
23175
13992
5480
90245
19713
33910
71426
7043
17507
63261
57316
28984
48183
19317
5282
37546
70298
16959
71875
82455
50478
99002
73312
9285
20321
88695
4978
83606
97548
30501
46346
73256
46307
23875
59980
2117
87304
63480
99769
69170
9998
15228
88275
81299
87542
93684
11916
44546
28107
7934
72183
54457
3587
19432
58798
65332
92197
10286
21508
2055
20362
61304
68894
96853
43670
12978
50456
44392
4337
11923
16064
88355
5843
69411
24966
30143
22905
97465
18067
11074
11238
66008
61618
74239
81908
68013
50097
2118
30968
9687
78343
48432
26695
1068
55801
92737
41988
84960
41744
9403
41616
42109
28598
77747
22502
99750
22732
60566
63533
47716
63547
32458
85864
41385
54451
64730
37900
98840
62030
62440
65431
22656
13561
93417
16515
90208
79247
12700
64834
86847
16601
15468
82967
77961
61369
95599
14824
61843
62106
98817
78108
60375
62666
27357
91552
86793
21997
1422
90821
18241
51605
34577
65570
92680
60620
97087
2544
80841
16028
66474
9451
53560
92995
27990
18647
15160
2601
20529
54378
55531
55625
52801
50240
9292
1926
54234
99119
24177
73744
96718
24720
87358
97860
29646
20770
765
89115
39655
34271
36831
73566
33588
98353
66420
61759
82690
78582
97967
22532
59457
53807
71306
75712
53626
36106
32858
46817
18190
83971
47447
65667
24751
98168
1869
62453
97121
4553
86275
73128
10454
48317
95021
82581
57114
69436
79327
99808
91328
14318
76502
24619
37672
60608
5394
70041
18744
80749
11084
52876
87714
39981
89520
22170
76950
70214
90219
96358
96041
4362
43806
24956
39045
72969
97158
14078
57204
6344
80718
61534
61176
20098
40113
43946
1088
18704
70725
9883
60068
51872
84208
57629
50235
14668
55890
34435
27504
30552
69218
6967
9053
75940
6105
12556
24411
16253
12247
58208
66192
10328
86161
666
30
23562
19756
24161
34960
90828
48091
76619
39525
43429
67847
59396
91732
35710
21107
11985
47392
50356
89789
66350
67676
67306
74436
86229
15780
91306
55641
14374
22606
29629
86225
2786
37900
17732
78003
81362
39442
47448
90868
98122
60938
25352
90697
25040
97246
65284
25439
80950
57334
39174
28630
3634
21641
341
44291
31924
82556
33054
83736
6278
5696
74318
68655
68376
83533
79057
1872
92507
47920
50726
50323
94079
80292
82140
38154
87018
30035
15575
58152
7431
92344
9031
3917
93403
47678
8842
54393
86110
8856
22979
14329
87213
57284
76801
14624
53884
68285
77400
92765
56756
59712
92450
62212
55710
47945
98859
99687
49123
14642
46982
15764
57557
95766
96488
40727
48696
15087
39268
25415
71810
27865
96727
5561
2876
47324
49740
74430
95185
81114
26445
34856
74033
59052
41066
57916
35881
80925
82500
13950
49903
16144
331
28004
52297
47722
43503
82321
42051
10470
34751
2552
58022
96350
75162
30617
79499
84166
48974
13207
62432
47287
99256
83175
20265
19589
6364
54412
70278
50031
48245
13659
24222
61071
28903
81966
75613
63739
97111
8092
59580
85260
16654
99779
95500
12670
62828
39874
6836
50640
49406
32282
31134
65501
70231
91196
14098
26151
40997
86806
3373
88321
11483
7726
75317
11340
47293
48121
23143
46724
62968
53572
54720
29646
35365
43833
55966
21355
53452
48115
81274
82391
11186
82588
35112
16224
81934
45304
26333
42317
927
31563
89448
97000
51722
25686
8686
2125
96378
24272
25633
82659
76378
90151
69403
31952
66547
56542
5999
56755
15189
16595
26171
58157
41666
86356
58363
70068
98524
80308
41472
41029
47692
10420
26340
58356
55829
53830
84702
59533
96599
86830
54821
62449
39380
21545
76336
82530
13949
72386
30294
39111
33469
73440
89689
74241
54058
60459
35677
50211
9537
39705
75263
26591
3234
77647
65261
5228
50010
25248
68470
11244
72642
39457
4763
8858
12357
93204
88102
24341
81507
57508
18627
55218
52646
97736
6711
45231
69800
14750
86162
10629
4471
87577
90601
46698
88849
55543
67015
10103
32519
67694
14284
49400
74786
21721
14422
49017
8624
67138
88943
3921
10461
4302
49975
633
83470
98588
9696
94944
75767
83781
36303
89259
69830
96656
65677
48058
40519
44698
15577
82309
93800
24635
59153
28838
38873
29884
50392
67025
86928
51912
40685
59408
3842
3072
71020
84159
81639
65529
1474
49016
36733
57248
8128
12868
96321
15821
76112
33981
54138
2466
71561
35931
26305
63488
31691
26695
15878
69986
36252
17245
76439
3038
88543
3480
90115
51000
864
94228
69457
32433
80042
20623
46549
16694
48870
21564
12782
73453
46323
96816
99477
91504
22489
56665
88176
62743
58515
73885
66771
50880
10358
58598
19623
2250
55520
48750
93521
86639
62777
71154
36235
92859
29040
13138
88217
90059
11972
3026
24821
63837
7138
30979
54626
89531
82006
69047
22044
83140
27754
6321
55001
71292
69259
40914
5621
37253
41607
4786
69623
72171
38388
74244
34216
38525
77108
8212
79354
7485
59309
85577
27919
70254
21035
76341
25651
71788
15519
86938
88080
40155
40284
22987
37052
2575
85296
61147
64222
98590
80706
34214
51112
54327
19655
18561
29294
67926
13519
75388
8675
89909
25244
8724
9928
2513
97608
29087
87975
30177
7900
98623
63047
50423
93966
62421
48977
44961
56545
86023
72099
66183
92746
58830
26100
14430
96431
86020
64840
33393
46705
85637
89203
62097
81154
17266
58206
30572
69657
45354
42138
68812
15334
85127
27570
86833
31045
16408
77263
60346
60501
8517
70570
90241
37698
66023
72130
86117
14553
44245
23252
70232
33348
56433
22271
48681
84914
68353
61100
80531
44451
31040
76127
71448
30243
21559
26589
43102
58494
91142
21463
50085
75563
94879
11108
87857
20141
46523
56638
68212
71345
94188
72757
48155
5324
47485
12164
13573
68495
60716
28165
58994
33731
94475
23631
91691
35424
56119
70414
52997
74696
9004
70638
88743
50142
53630
32678
87502
25755
64642
46516
81628
96038
68580
53047
49155
29419
25319
42084
37729
22731
32511
33633
7102
42303
56847
17545
31505
88649
47138
95533
33288
96267
47
96528
65933
34263
62374
57257
39054
27079
47321
8334
93210
93174
74954
91608
30139
6256
71054
34005
76812
98182
17318
91618
91125
68985
76895
69654
14340
39819
21412
15664
37378
20638
52093
87367
94868
89843
77128
34614
96502
55205
97333
22046
41177
56847
42865
5200
2425
61165
21156
26781
42292
1983
36875
56672
95330
58008
98692
17670
62980
2135
41257
1941
53530
23015
10113
6797
67340
68002
95720
3073
33672
31650
54746
15714
66555
89659
941
1226
65700
51318
50297
29567
36078
43747
77278
97115
87658
54243
95271
6311
60003
16350
72673
39924
93628
64100
82498
90555
37190
79143
91799
42845
48650
24532
42248
12225
53204
82366
58721
57531
68487
74930
51358
99886
95336
4209
18437
30566
17320
41905
69374
53016
9803
9774
24212
91843
69662
88337
56805
68546
21456
16430
60216
68554
76737
9350
4471
20872
4634
4948
4298
44260
60285
72715
98447
50321
67201
56787
37204
6512
70597
6177
61633
40210
8190
61307
30575
62303
19111
47936
86788
19628
54277
27170
88493
70737
21824
50964
23763
22886
27100
18612
12873
29822
84453
90503
36233
23033
47804
90025
13916
17318
68604
17962
34238
11247
22424
46197
93547
74162
41408
4320
9524
87932
52610
62349
44276
50175
91369
43683
78749
62798
87605
18090
83858
81629
99730
47
9486
30277
76735
69901
63239
36000
42427
41593
7218
76519
99446
76118
40177
46180
67567
83861
35782
20775
3296
66338
49730
27559
82006
27207
58971
2839
76303
37578
94504
77050
48198
37597
13452
56732
37933
54690
28618
73714
43495
80586
60014
79738
21846
25548
24399
7135
76800
18243
98440
7368
39100
17667
61921
38365
67359
88188
79958
51198
75891
46020
24573
28647
5750
20791
97364
64596
22130
96785
86600
62251
54284
7088
63893
40405
14725
47926
55187
15491
51973
24838
32378
26840
63898
42121
21123
17687
62288
71248
58590
69650
815
98921
70943
78366
18518
14233
284
35336
34232
25828
27341
12153
25348
37480
61748
37070
29551
65246
87204
61213
63365
73893
92388
23575
78485
31367
63585
2554
12425
18257
57160
52267
51638
61599
6577
14168
80657
26734
6457
544
51272
1828
11637
14969
94760
57857
4436
87186
88173
70521
40384
28739
29636
53247
49041
25873
31678
1690
24808
23632
37594
98415
34129
37323
40288
10461
9994
5459
51412
90142
45924
74371
18387
79355
2740
70827
77011
27921
12701
27222
77948
36808
1783
30414
42490
64474
54775
835
52503
82986
14658
17974
25135
23949
99831
15076
26783
34295
58617
6193
67576
96147
98100
54239
38248
55328
72419
70248
42254
86823
33938
11920
45819
13859
25935
90830
84877
8097
92016
99285
15254
12085
99055
98881
11229
11820
12092
32943
94310
91030
71383
20231
96085
74178
58083
31226
21444
3117
33418
95185
47055
61213
46208
72160
27653
85878
58004
52773
44736
56039
38078
55372
92873
75020
26380
71418
68769
90778
48151
75222
27594
24382
23516
46047
54755
83343
80285
87600
36533
21217
7092
92583
52244
14067
34902
6447
88304
83455
90220
16615
84343
27253
60468
8891
75125
74620
40245
48929
25181
50735
4585
27683
41121
6356
76533
662
30509
25960
11381
64062
84183
30025
64902
71225
77596
69262
48712
8519
70087
88181
57585
83231
97771
38315
9093
7823
20595
21623
3732
13576
28510
70517
63882
68774
97252
8346
28134
6179
41554
65455
748
54193
2407
29936
68911
24692
13390
46277
53195
33227
31196
5523
57289
53100
45321
14582
31344
29720
22398
79715
4107
40668
26176
87449
42005
79317
2
69691
43705
25566
75299
37097
30723
23579
91405
44227
43092
16796
59433
67842
95548
17710
35785
327
57148
2032
45300
93840
2232
89377
854
85770
3313
51524
74621
75116
5335
77680
2353
60595
19139
44381
48457
39470
9520
6624
24287
88348
88946
13962
8450
2219
36462
83314
8929
37579
75068
59006
29440
36087
60470
99458
89320
94717
51812
97720
86206
84062
27055
94220
52593
6913
26345
83459
69066
35177
70322
6946
14439
72772
62927
74564
93762
30478
60774
98939
67846
60169
7051
37255
89499
83687
26271
70235
53881
63360
96435
30197
68007
82916
56957
4394
22615
89768
44204
20009
94723
80331
4041
30935
43886
95770
33762
42675
80981
42891
71070
90230
69995
38861
3818
93166
29198
6652
74276
26053
58790
46878
74892
81877
79579
5224
17034
46837
57100
96912
97247
41457
83534
76608
36279
64068
59517
23086
4808
66807
1843
10387
3651
7902
81669
85815
32465
33321
72869
5776
61117
32311
14599
70312
65068
33837
1576
63643
83535
99575
50612
42475
16186
99183
10945
69774
63984
45461
50068
45747
38544
92286
8233
77377
41890
21961
121
84012
43957
37096
49494
21910
34697
75399
10973
66893
71898
13616
10172
21325
53091
69053
57569
33739
53908
20682
38842
42914
7664
97536
33296
86830
59621
75041
49695
63979
14499
57648
80404
97340
68793
99996
53937
166
20985
36163
34157
76851
2551
6923
6805
26255
51859
41889
59826
6637
26891
15350
93639
85283
76381
62527
75198
59561
28610
52729
60365
1250
53261
47041
26445
27662
90710
45755
86666
78942
34489
39112
58062
72378
48711
8889
33155
88948
5869
97495
77855
25960
81432
93860
81351
16077
941
29302
38607
42241
70092
63710
41551
43605
65865
78372
96140
18115
90443
49162
47589
25814
51104
95576
23222
8575
49530
93240
30907
1764
14559
58980
17039
93654
66266
72791
40725
38552
73459
46934
77891
11896
62126
95548
73241
33691
34481
52842
99123
2244
29464
30547
75067
93297
9592
70181
20881
18542
26845
75
45295
96030
11589
84111
92606
64733
59721
6218
20
7467
91848
42283
78230
72801
6608
30546
6982
79576
2834
47133
87810
78182
10938
25871
5604
77070
96644
16429
38695
29481
25174
18842
39421
85844
30661
16197
2778
36477
73358
6159
13454
79593
7143
31251
38312
34519
74210
85463
71381
68642
56157
79633
59169
16563
85232
95907
66320
41823
44316
24680
29282
37447
27968
88110
66297
79337
45044
65252
22845
38626
52145
42087
18940
97501
31233
22379
81411
10927
71948
69253
40572
23407
20605
26116
11941
46044
67791
28378
62008
85807
18609
29854
42646
68146
41827
16216
70349
39801
32188
72990
5696
68862
77551
3365
22776
50160
31311
75236
87041
41546
15897
23963
64328
42918
76710
55213
97573
12101
20452
72946
18651
25528
70848
18975
58495
11138
10735
58711
12721
89207
31418
5782
11094
78269
3479
39847
80026
70643
80566
29765
1245
70698
20346
28833
51101
24485
13928
57669
86430
20354
80247
56820
48257
4392
64495
48466
60637
78976
93464
55717
95209
71426
74918
9327
57916
65130
89729
58615
51803
9028
58771
19641
76343
35119
80180
33898
43103
75663
46011
69278
85678
32331
63383
64784
40207
36226
74497
62293
41229
97957
45407
40678
69012
20446
11826
38570
9278
8518
69731
37899
71969
10839
10728
57510
91250
16508
4193
48912
97963
1771
13843
38487
78082
76766
52847
6266
5450
52316
97878
24417
49634
33855
27263
42073
30939
94824
47666
79082
54108
18508
28341
32984
73787
88966
53384
88673
70407
97383
51560
97143
46824
16502
46445
6389
17690
49646
55739
23333
13546
68245
57935
13931
71
52584
23358
64590
54710
1619
81207
60785
49944
69911
37296
41508
36078
42557
91338
39469
9121
41455
40792
71931
71333
69872
43121
60703
86543
94995
27961
57760
50466
70201
18464
68196
11304
90790
43711
41781
33395
36728
67028
79734
20833
93614
61863
63760
64423
53478
18765
35220
79832
34523
66031
16313
45049
70829
9010
93240
8780
86522
64829
59121
28632
6125
85719
15783
70410
14607
18588
73528
31700
35616
48930
47258
23356
12150
6744
90344
9229
58889
65255
13129
68924
16115
32705
1093
62623
98202
81723
33460
91342
46320
6714
78845
90951
8492
17207
2241
59949
32956
59469
48941
70829
43732
41694
28830
98270
81739
1559
42777
29006
71649
31638
86784
11514
29218
60777
34279
12799
40564
24594
58176
79426
59219
63864
46747
25383
23508
75684
67634
27511
53306
70168
90255
48389
10143
35925
14095
53752
77893
65339
62150
71346
45470
46235
55746
89509
40148
33332
50288
91911
55841
21590
82065
68571
13414
60413
63886
7590
61500
69533
44209
71441
15664
72088
35892
86659
1359
75877
59456
54967
6242
94982
52930
49862
80807
38988
47384
52550
70052
84659
29189
9388
54559
19370
10541
40990
74041
47206
28434
44283
79400
68279
96853
1310
20769
9019
77325
5145
91887
73314
35319
64731
87430
66444
11870
53435
94999
56806
99171
64572
47118
72728
26602
61663
47763
11881
8128
68030
18460
44380
29360
25384
18105
4770
37826
29515
33818
23536
24926
55117
79492
2826
93664
71406
80540
17358
4064
8540
78645
2635
49176
48763
83033
49313
18098
45659
57731
29415
84486
34866
94125
35429
8737
54302
1566
58570
68377
15399
25736
27157
38097
99900
24190
8798
64668
94007
96843
29223
79432
34475
14180
27043
90034
12390
28462
58530
81540
55341
36902
62153
21140
52313
48216
91752
72916
79313
91729
89855
23697
69671
33187
40803
99130
49608
76000
2325
30480
20692
95987
34142
42518
36212
81539
76899
87802
35546
22547
97195
97411
85881
42019
94517
10677
47082
3126
8004
66569
65110
35621
71116
55383
55027
13729
49855
10837
43549
44325
24062
98185
73593
69104
62041
35095
92609
65649
58463
5437
83170
56848
42663
30031
40727
81403
88810
22877
52590
34211
65979
91366
12670
81074
72897
75025
31334
1050
6935
60711
20914
47687
18985
83297
10801
21589
83366
21212
84726
12523
91511
70023
29324
27318
7651
3907
44276
49056
14583
61956
24446
22922
70722
85091
39867
23825
55616
34517
91685
56845
5517
74665
24385
40275
48288
81943
97670
53479
88570
86995
45440
37930
79948
90839
93129
24242
34421
440
25680
70449
78608
98171
87624
26813
64304
99200
47934
47152
61681
31186
7377
74557
94516
15973
78711
33028
27126
41902
72391
45604
40288
79685
86675
94913
62084
82725
90476
52526
13948
30239
58156
52637
72506
91991
38275
75282
7577
51260
2561
13932
79160
49905
87062
3737
73893
57338
54936
13375
3943
21355
10665
62587
63582
18391
84889
12031
93806
72338
72526
97792
97099
2761
44914
49279
125
36616
87548
8385
35366
33910
39276
34818
86897
95167
94465
53259
20516
38890
82343
97524
79500
40453
26451
56131
80852
77494
56762
2345
30101
29494
2311
98105
48797
63919
44317
14626
36009
67741
18222
5439
11296
50613
56374
94225
12198
34426
59750
80726
4394
53722
50596
66756
9930
74863
10728
55148
87648
77749
83001
88111
54256
25527
58650
21387
21208
62731
47365
54556
50860
41545
32491
93640
13703
1657
364
48777
70235
60041
66991
86320
248
43353
64122
85075
48579
66222
52045
58427
74794
79870
22203
52192
13846
4160
3415
65764
16302
97119
28173
22386
76397
4271
16603
75870
74467
50076
77258
63633
28537
71761
66050
78681
78689
45301
97502
77079
6444
35241
47322
22882
80515
25239
33398
34633
40548
65361
35127
18026
74342
87810
93818
34980
29885
65578
39397
69897
53736
38239
92125
68978
87628
41126
4928
58993
75368
93863
91385
90433
48618
35272
65491
88425
24678
79193
75095
43214
55681
43789
418
98352
32572
4317
81291
65734
12409
56791
42408
36370
44814
19068
65070
6030
95721
24935
24747
9735
52700
11960
9359
9686
95989
57033
48221
49611
26884
23148
88179
18539
74754
25401
12137
8184
57841
77927
92447
17016
56729
97874
31317
18480
56859
45023
48370
94329
92282
81655
75844
45697
72489
30864
23333
8699
34515
98317
66414
83485
64505
32508
73870
20386
27655
19002
14659
98074
40227
1595
64661
25209
42967
40428
8214
92586
65106
55876
54375
53315
54914
57087
20103
94933
78754
71626
52695
19870
98871
30080
51474
47155
1530
3303
21539
11671
29296
70711
83895
1117
66805
83323
36365
88576
90271
72050
39125
52312
36732
99156
21557
34330
7724
29952
3412
99817
55872
10598
7025
89413
51960
47908
41476
76899
43525
94686
45092
69967
12651
54782
1993
68795
93899
54876
99670
88009
31945
60034
51024
91957
60910
82842
867
44608
98846
44421
6081
42719
32309
16571
75801
68370
97972
52564
41030
54654
15690
1955
84054
53707
35099
26586
39585
82004
46523
54670
28139
59455
1428
28628
92736
94531
27064
56097
13617
3748
41512
2506
6651
73257
67920
58730
93749
95092
81932
598
61425
47724
81005
26907
61330
54685
80618
27613
81615
3010
11492
32725
9291
46708
26187
49634
49113
3657
98834
90322
86846
63173
15652
36364
45499
91269
63626
77058
33677
31945
64218
3175
43505
15343
18581
95286
3207
94142
97821
5627
11567
74797
75992
13881
48574
16129
3517
1001
91068
17070
62045
91038
2648
37577
90126
13892
57321
10459
36218
50070
10729
18053
74959
4706
59580
91603
27466
6084
66486
16696
36697
92456
34419
57454
19459
94732
34353
72567
7974
63772
91943
16129
87638
92962
10901
55678
82833
50923
18571
19040
44403
7796
66132
41797
71385
5166
96076
44724
9438
93584
44828
45112
34149
7712
85064
25358
89872
46998
23188
7688
23595
37554
68861
4851
53376
78435
38631
95945
14034
30823
57339
65485
37480
53343
99066
88965
88118
39065
44224
58211
10612
91698
3970
31451
12479
72949
80171
7291
98832
95897
5586
40038
85460
86758
44688
79037
82688
61387
74388
3742
65840
96968
69717
62751
88097
33855
16400
55631
75548
51876
56127
55281
41760
30912
60222
24910
44705
36011
95763
90890
30489
68246
83068
89985
24955
72852
34742
21660
58507
32730
10169
93236
42746
67489
68138
92738
22260
84324
27824
56214
86896
47764
22058
20778
46060
54321
82110
17514
36521
65945
2312
99861
19950
94385
835
81811
35849
76981
64993
29643
71561
83104
51217
83332
53076
78710
19962
39964
67936
55677
91833
54786
34248
15165
11766
1341
96768
72025
92913
87755
78364
52965
26526
10412
55764
30212
97519
95421
53986
43755
21186
48444
39370
18597
3736
48191
398
38712
84733
44052
15388
24460
98332
77024
97892
99456
79479
66577
46945
39479
45913
35635
84514
90257
85408
58739
64441
14749
21999
8831
44209
96172
44187
48873
79835
49857
19232
55171
52039
56734
39305
99664
54247
57735
56341
76900
23391
314
34644
91376
35719
16013
83529
86717
79772
59271
81706
75659
30982
14295
33853
68593
45313
27222
73944
22419
95687
40576
66284
12630
41077
42082
33492
54874
4043
16146
90614
78864
15719
13032
23175
59720
12633
46844
24445
77929
87573
6210
96116
44755
38868
19507
64890
75306
38362
99218
30423
87044
64947
93986
88469
57094
83980
64685
63781
28822
72904
33513
72153
88116
49461
84221
98429
43899
40407
43129
38256
33496
5271
53513
94884
70649
70073
50191
14470
12755
48738
10439
6143
37399
45804
68101
23015
2262
45266
19157
15214
72114
61129
57604
87414
44486
4374
71772
49945
84802
78895
83160
42900
31589
58096
8240
61139
91114
66336
65046
46693
66213
86283
80128
96967
64018
87336
68623
54697
64162
95213
27570
14946
57112
33006
32300
23715
60683
55661
56809
94461
7194
51154
15730
41145
74958
56689
3645
12616
51086
48691
50670
68832
77270
69189
33056
75227
49427
24712
60698
85217
54916
91601
57134
68086
60673
96804
50813
32864
57200
7774
26517
46236
63355
36468
73233
26255
23221
5106
8703
88956
73037
34250
25871
89995
17264
41139
1954
23392
82552
94144
4419
47421
19962
47476
67713
75219
51264
99993
28185
64498
72453
90969
8527
44539
46587
96193
99738
1099
7390
53716
70058
15626
89778
76811
84302
50310
63223
54470
82508
84469
34864
81887
81293
29516
40290
27168
52491
85905
52765
37512
36540
76493
18953
17260
88770
71601
445
50585
94060
63083
55877
95096
90337
53288
92208
97532
27585
90001
76289
76618
66199
97530
57889
2853
46108
91617
97486
97189
85759
71110
1210
86687
11429
31571
81346
19136
96746
79073
12070
51076
47889
26229
57914
77851
70822
90245
13096
76982
94963
23084
93443
16285
9756
67199
78950
94995
39258
41281
34470
50810
14464
27603
85617
64850
77300
90869
89661
93295
45912
54977
39711
15231
27142
54461
28004
3189
93923
90630
67580
91341
46915
84351
73959
14133
90736
90189
52355
93333
73334
11257
7534
8151
31477
43028
36861
80665
89914
23604
87031
21794
54616
18679
29931
72291
68546
42770
29989
77108
61100
48595
95363
39501
15771
70586
78715
15665
78245
85384
50559
69082
76759
47552
17688
87785
11756
34956
17200
11062
85438
97614
17362
59044
80394
6132
55728
48377
57370
13255
51894
69571
90282
41084
76539
2966
70868
76779
87602
3850
73261
57673
9192
94175
27076
91909
61454
93209
26272
37323
26665
49449
70171
277
8493
42070
26484
55159
84302
52563
1296
74729
22226
9805
86688
44294
26992
26405
72382
55877
51551
89229
12001
40344
12212
58317
55630
10146
19375
79177
16030
96298
15930
32246
56452
33568
51581
44718
61587
94913
81465
23109
61981
85038
15080
83531
48211
88983
30532
19907
39140
72523
4141
93914
97901
81788
69955
80743
69578
51948
23797
73882
72609
35833
37316
63113
10198
14067
12624
43897
15952
17358
87086
6800
94415
17547
90937
67011
95110
56525
24519
10358
1730
59609
10208
60575
20850
59070
62865
39709
14500
77420
68303
16128
80428
8113
15814
66212
20238
9752
32502
16573
99927
22008
7410
97446
97249
73168
40056
13636
95544
24468
33519
70354
44952
55978
25116
48720
83983
72618
37181
1550
11735
91859
60195
38240
69377
362
72500
17898
80821
15773
28111
87923
66362
63475
81821
78411
5470
68266
95352
26638
69680
28411
51217
87417
62114
73248
23499
61914
84373
74272
97814
67071
49974
83819
40147
48320
18724
27345
72038
61602
88787
5845
73275
27820
60427
26195
44772
2867
49647
80307
32758
94008
7349
35875
16267
35183
98382
57326
24543
27987
51968
71278
36899
90362
36720
61201
12903
72202
46435
62220
4329
55052
63660
59648
6353
18278
79643
18882
34313
85386
59387
3695
60616
53535
33641
78666
27001
56379
56073
58365
35825
82934
34289
28337
98493
83165
575
55642
58059
34709
14869
10451
64184
6996
30838
24184
57584
61141
13156
81623
97782
30339
69217
64035
38098
92064
810
83912
92000
55259
16925
81427
25220
74675
8082
6432
56021
73475
1343
68773
25681
63692
66345
49253
14469
19975
16374
6697
75472
19116
80648
11614
21195
83570
11396
96483
92406
86650
79675
30350
18391
73441
18902
60664
82466
93249
88787
62265
16933
51957
43763
40315
70423
93067
90328
5322
91040
36913
10362
54570
68398
88902
63711
89783
51721
72155
98058
16409
97199
34883
86842
31885
4306
29549
152
68716
91295
36006
74706
4274
96496
56460
53582
20405
45071
78210
97687
87800
61036
39451
49581
7457
93064
57329
28924
88403
37078
35919
96465
12144
89652
18852
59693
82869
61569
29766
76993
17409
68873
64045
42339
84816
93709
85729
87646
5121
28671
89426
92495
91829
11771
75998
65957
47527
93116
2207
49426
98052
60187
19071
10698
99741
96866
27244
81170
58891
35955
36864
79063
61912
89884
80957
89035
21704
77128
99783
41500
4730
76889
36487
86535
9953
146
61118
7634
61239
56934
90840
96372
56505
18843
35825
66276
56951
3273
96845
14293
92952
25834
4347
99753
463
74553
84286
96998
51674
40519
53846
27939
61219
28678
91428
73113
87845
10719
80770
75855
72553
88538
47030
68507
63874
84887
86371
20128
74914
4373
99200
67448
33095
38809
41307
62719
57502
98846
72521
29529
95963
26719
32045
29388
94883
88104
49332
55979
62482
19041
10085
1112
8179
93832
60105
65355
67200
59395
36987
68831
77445
82106
70183
35834
85406
63657
4202
54063
50932
34148
45076
93752
932
3321
1646
45438
72262
8157
80798
78792
95477
7068
70558
21017
12983
41168
42821
34860
62563
36812
44040
77113
27742
9650
70750
15840
49682
72882
34516
53710
90367
31528
45753
88235
35135
74489
77524
86581
58865
42065
87690
706
80559
55960
82397
13341
58280
71385
86929
49163
94333
58421
99927
91839
15758
37903
4345
71426
43263
80098
8579
24309
86802
88769
68071
36066
60256
72855
24072
77349
29430
24610
88031
55468
23202
79981
15128
39049
61098
71457
25101
30685
50695
87800
75172
20912
3694
47347
86222
21422
81027
11967
14148
78233
13416
7447
84331
10478
4471
97124
77299
10005
66683
21234
28034
4885
69836
9992
65552
304
70408
62868
38136
10167
76177
92656
33261
50040
29545
25272
11191
31279
58324
91593
3654
31141
51970
51801
85133
32984
80331
28590
55843
54099
58165
52628
28279
32917
52040
74375
65699
34804
4000
910
79633
74348
2976
70343
79830
33859
7136
99642
18207
45491
98468
44809
16423
94275
6330
85690
71292
90234
33954
73144
74332
63027
96235
82283
82203
2917
58622
4844
45533
24028
57851
28985
55029
38112
78079
67423
56998
78539
53839
31232
78779
99650
8667
20204
16185
54201
48675
98482
18340
89729
80755
50606
80811
96945
74796
54466
84558
41269
72462
50249
11756
60024
48760
86889
84699
90413
43179
80205
46181
33676
43303
69447
67524
70255
97516
90328
31966
86768
67978
95424
38540
73527
21958
28403
84714
73178
70118
93686
16701
73108
9814
690
46027
76989
54433
82006
68221
65823
25604
97071
3159
27465
82719
4501
6645
14512
48002
26577
18005
88197
61069
13556
89986
81731
35054
99088
30720
8234
71925
14939
73942
32302
21869
12420
2767
98402
85287
90512
80623
9718
98519
60631
34816
36577
83656
68131
5609
85372
63626
26171
5500
87449
58520
727
29170
58021
76932
20445
32219
47129
4034
47371
5791
34985
23293
91564
76784
20876
86091
70423
60920
35456
67034
44135
46090
50044
41273
14171
46835
81180
25249
50083
96495
33301
45332
16364
88931
43862
73985
71175
60701
42162
88839
54601
1838
7952
93255
4109
89177
34903
56934
3253
14178
91102
82208
3971
69517
27728
64903
55607
50990
33183
21148
25681
72400
10605
45083
65663
69621
15150
79822
38814
11370
75162
13464
24083
31285
89313
43723
77969
11406
78657
18838
31818
38665
34484
83777
21608
5684
8983
10318
67749
6163
47112
39528
47502
27629
6569
66546
73169
35611
81467
94364
1864
14980
2465
61409
65328
99399
5039
96913
53283
77270
46229
69321
36
55820
11023
44600
29144
10589
71990
21473
83386
84709
98629
11132
72167
4205
43374
64165
8864
70616
37152
22316
90548
67690
1106
16810
569
76857
98804
80991
1811
53220
12560
74530
31263
83191
29779
65831
29247
82384
96630
64699
5088
38010
8063
28911
12396
92353
64853
65032
16192
29966
27927
73794
27743
84896
57793
15643
78872
97258
75622
74964
40989
13387
16636
22879
33596
33818
77678
45846
238
34017
59880
24197
94527
89271
28833
54430
86786
15375
57933
3101
65046
2717
53716
17401
96022
71055
16764
71915
34063
33331
87416
65431
37609
55441
29622
50528
97370
44821
22514
71551
69141
90036
1886
37659
21637
50355
42001
61283
54168
7592
96490
62182
6870
32278
44611
49169
29635
36280
92714
1154
96988
9644
58137
75938
77535
37024
90092
16015
740
99182
38473
37649
12175
61849
24334
14258
75591
17986
22024
70817
11836
34827
96008
41475
60295
67245
34963
12319
26758
64762
62314
89970
86206
68357
12776
26834
24097
87163
70656
90560
37750
39151
11305
88907
37200
39073
71760
6922
84959
34269
83504
40458
10848
28951
18791
67867
98142
81864
87052
74149
97542
30367
84291
83158
93381
89643
54813
63359
28278
7835
61923
63112
44607
76919
36017
88291
61333
85779
33271
50496
49164
58243
21130
90535
14044
78448
16612
87874
75308
484
62766
64294
82267
69282
75724
6331
3919
89968
32898
79636
18955
22834
25834
94427
82355
88368
30235
86447
88050
33849
38160
52456
1182
26101
78724
52888
887
80105
35720
67843
59993
45276
90835
89045
91954
30198
76120
81301
54499
99092
67402
98136
89359
11616
13577
53928
2794
90099
19122
25287
33792
8520
5030
95588
80718
90604
88966
63131
8533
25370
73570
89169
84664
4810
84545
97684
51215
38223
85597
98645
82968
16415
31211
15365
41840
62740
98967
75900
34623
80684
36190
39816
58100
9629
40851
5702
12631
10030
66798
78332
42854
13809
40101
54107
5360
55047
33397
15610
97187
65147
94361
22840
37987
74666
72728
7470
61257
66445
18661
22417
49384
51165
54185
36249
77691
89186
13840
4131
43268
27443
68622
93902
83921
13988
43192
41966
29827
69623
74377
57256
34700
87605
39266
16287
77829
38060
8307
32343
99247
35099
94674
14957
67535
55022
71863
46857
95829
36836
6939
92908
59050
75535
82876
62887
3886
63280
33220
65106
86738
57179
87498
80802
13259
22499
83810
32393
43356
97541
5303
7019
74177
88233
30200
14395
75221
54576
61818
37033
24100
15585
89024
40213
61558
32132
67595
52514
82841
82477
36137
92359
78671
64054
8369
48599
82105
71297
49158
32668
43451
43251
88766
79070
37390
41749
48594
68193
37358
82330
528
38248
55042
91414
43985