28885
94930
82713
77849
40548
80910
76412
422
58612
9808
16571
92499
56229
31117
16813
45174
55924
16932
24948
38623
34310
8340
10706
74526
66866
44780
39369
30274
6433
46917
37985
12206
52608
85411
28233
42610
27085
93290
67960
37967
32993
24765
27659
34713
87134
34883
84996
96843
296
47101
69403
82302
27746
9217
83898
5246
68335
3952
72936
94220
8186
85991
26857
82790
26778
89755
59686
96061
97423
82204
43079
18621
45171
9176
77208
48755
20118
46134
18339
23021
14083
76318
46336
14852
1708
56021
47927
19564
24932
22485
79712
48728
7935
13417
47638
44076
93083
91082
39385
96640
57560
60104
32161
98934
46501
75840
37468
2820
72662
86100
70455
66510
56366
85416
11989
85308
42916
40720
89321
97382
98186
61627
91267
21617
61874
27647
92040
20633
28217
94288
6833
81440
33984
23061
26249
43190
44417
46945
60298
56713
22628
144
76553
34006
75008
61197
91673
3544
2695
19924
42911
76016
98358
20725
14606
89083
93060
70080
55261
44786
42215
53654
65058
74096
94744
44429
95950
86495
78458
96468
94468
19221
17624
63191
33315
27129
33888
3983
54414
13957
7998
20554
82561
75554
72843
1572
55113
89202
27810
27538
42954
60111
55776
7476
14900
41412
77966
96923
69109
2068
76411
18130
39762
50637
22185
11734
56287
60919
43180
10233
86005
28370
56759
33751
55341
44662
53282
79018
44158
48248
2560
55794
87411
30981
18838
18903
81375
46098
62710
3033
40979
90651
51955
6130
27140
60727
9310
19308
27611
24470
94211
13228
27657
97739
22493
97306
85137
81059
66699
40842
4653
62866
67302
74941
62459
84842
4291
89308
24771
46285
99602
35976
25709
27899
42166
93916
43475
10086
33582
5048
91268
66281
88295
56430
84
45256
80609
30759
25709
57158
37100
88228
77975
74698
99930
14984
58171
68439
23022
12734
59761
14376
62504
71356
43101
66758
76508
57681
61065
17311
47101
76836
224
4021
72290
80412
76012
58319
29638
53424
59124
22993
48233
56587
15463
10181
70303
36001
55248
74784
1874
1445
91749
93471
98743
41189
59142
23918
27027
7634
9301
94161
32801
46821
50661
18699
86249
50448
81736
30150
26218
46734
52394
26021
48685
43590
10407
27764
6242
35368
79868
25533
87004
16745
64141
77163
62094
40997
64245
6090
57890
69532
47424
17883
95515
15275
53405
41785
46611
82722
49567
68489
65554
3689
32912
99443
79648
9567
4910
78069
89886
46481
70235
95999
45565
19978
82076
35993
1777
60991
53820
9404
99689
1921
51542
74085
40758
74567
58389
87376
27485
94385
25435
24989
10178
90027
71378
78188
22905
71033
83046
24313
34471
68445
14937
96735
4095
64580
42524
13884
81480
85934
23615
46149
69050
53510
7654
39468
65423
12343
47154
24187
82677
2607
63176
24119
9008
90803
15792
19054
62727
63854
44925
58473
71102
99995
3311
47675
14581
59592
82317
83274
78274
91834
80645
69657
56661
53413
73610
37883
50858
23092
29961
38823
10886
30262
52711
69705
69752
85450
70190
72325
30704
71411
76070
30058
12249
26454
87447
42448
20408
60198
28582
17967
31527
53680
43189
16393
95363
1943
70503
50227
59730
4355
41666
61453
94688
68084
5042
6687
76984
92240
39917
39555
42794
68947
41734
75389
63499
97033
37677
28114
95989
78352
69616
53248
72472
85874
94882
73450
84486
98238
15335
75698
5318
30663
10600
88822
50295
97967
46406
18796
13274
67504
99119
48455
63083
15013
40980
31642
15647
24520
6469
32149
18296
83659
96812
29472
58409
27646
7125
84148
76815
21486
99962
97677
86480
50789
69396
82752
65769
88569
21993
44530
94217
94842
75250
90464
53879
32234
15562
75944
13819
23197
47213
65438
19565
87048
84520
92844
58764
7040
66852
98837
20672
76627
2779
73437
9470
49376
9984
47696
95321
93543
22946
34101
80325
54221
12904
41531
30822
47907
27576
36621
50101
27467
16018
32612
98590
88349
10504
5221
83589
83883
75935
83587
50305
78154
50516
20966
12392
39850
48433
78031
23389
18137
49236
90884
41769
91587
82885
13807
30256
5518
27354
97535
1459
68588
35814
13354
68804
44141
46402
4232
58286
12893
92263
34907
32966
14255
75071
27232
52985
73570
98683
12754
44213
89249
35148
34637
68956
86156
29629
68104
89017
55366
46181
31338
39299
70419
18822
65592
18139
18128
63356
86149
90514
75694
66868
28130
9339
49564
7484
7144
21641
17240
2937
60402
92131
23145
50229
54251
6355
68954
76308
56803
47842
43374
57763
82769
58483
97892
35942
36266
26830
10476
84470
58861
79234
51087
91512
5365
41070
43764
84941
55051
90279
39641
4320
85836
84307
92302
53057
49921
38600
60741
46174
96320
38837
22465
23863
77030
86284
32186
6876
80838
35104
2371
62340
10632
22753
61819
14923
11867
10188
10800
98944
38199
96833
79822
37244
12182
26591
94304
26697
86813
16760
31989
610
47343
96865
72021
61479
37231
18038
13889
58970
13179
83585
25580
60502
32686
29361
522
58946
28117
23087
42492
67574
27191
79280
65233
36533
20161
84714
9354
59266
44272
69725
64345
38943
93542
81787
7949
48452
15078
15180
15649
84953
26200
58813
84180
58505
52322
66426
45653
91173
77079
52509
73527
71440
1787
21693
66191
88575
48029
70766
88688
96886
30560
42312
11669
11640
65473
34368
43014
55188
49008
86415
18766
92711
84193
28095
66645
36930
58621
36715
78384
64700
39356
95022
76845
50780
79420
18532
25522
77721
29055
55442
46360
10842
65
66399
3407
12373
20876
64386
28777
62423
60706
73789
29169
48622
96518
17767
69528
36121
91589
72717
58412
71718
74165
87332
55924
90472
21220
52320
33259
68794
87095
65851
27462
56380
28488
73187
63728
92127
95862
76142
43199
63656
92996
46596
96420
74115
74570
62578
23588
53759
82199
61049
15871
53671
70683
18726
75228
90946
47191
33522
58896
6738
20363
95003
45225
13758
73747
46177
1079
52849
54243
16050
22469
23100
67279
13604
64601
17113
19071
65189
35503
78176
20201
59506
64029
54393
2119
71015
16344
36010
92969
11723
50959
44325
12876
33422
11939
84487
46437
24683
83927
85712
33848
39819
49522
26308
33175
96369
42519
40459
78753
44168
42858
1452
97381
67922
55030
32500
75597
50646
63708
99448
31937
38735
97758
82917
13747
466
5115
69669
84305
68691
57208
50492
57247
58328
73150
40675
34000
95345
37869
2579
51091
34117
33519
19029
75362
3895
39812
63832
15438
85621
95341
72116
10635
8523
94366
88043
13701
74388
97487
11765
45526
4050
86691
14210
2043
317
62730
83121
89628
66110
8368
93546
43483
61703
71789
18119
85193
32304
86462
5759
1594
83318
9152
71979
97285
48113
12390
87105
28675
42366
84287
81466
46340
22913
52229
9861
13210
44693
72220
52719
34915
54791
69054
5482
1545
62633
88373
18140
90873
32696
81311
47205
57405
39676
31365
19856
13958
80429
6708
19620
62536
47906
36106
31449
83387
25596
86866
25926
74353
82547
93403
26820
22241
37756
24321
87376
67268
11060
1734
82236
90324
20877
69648
66621
36776
70101
32550
55389
38741
47163
93543
53453
75739
75937
42899
51289
82533
52079
18448
44214
61290
55516
45533
75298
84265
55597
67540
9116
94760
19622
34537
86814
28044
78037
43539
37154
20938
57366
38350
40474
60849
80547
58980
83197
99961
16914
99873
96603
22647
6104
63711
47405
16345
39815
45250
54319
57139
15558
27905
5346
20696
30447
24663
55970
55959
25989
90214
13120
94793
86211
6117
42150
61673
74445
68202
91544
15117
57772
71070
89524
2533
75232
44522
85828
95495
58305
45431
62049
83351
73564
75639
8635
32508
59806
83458
50514
92875
42149
96641
2457
8451
71839
61972
85210
33272
30605
72983
76114
25927
43292
98097
50992
86963
74625
24964
76276
30071
64519
56996
71948
9126
39304
56168
54013
70796
78524
97963
53791
40225
18777
55690
37972
9450
80472
18511
41830
90297
78317
45042
17537
19215
19122
21456
46677
69071
59956
28840
14595
87589
53200
38946
3866
18088
76588
67673
55822
36859
18274
25809
92754
49066
70838
54366
68114
72422
24317
54375
40620
25368
84843
29328
35852
11570
37456
82910
15462
93590
54686
95473
59422
56144
53519
64950
62451
46334
84146
18503
36773
17713
53012
69602
10871
75120
84545
93201
90706
41542
16785
91298
45468
59647
63877
44284
64216
19752
29797
61469
76615
55628
62003
50195
18186
4846
69654
71407
17468
40885
79027
67502
37253
53426
26037
56921
25541
55694
99743
25764
76376
35329
83830
90406
3654
88518
84350
45381
90526
77542
87811
25135
56005
12590
23097
66307
32119
27659
14820
72485
40846
43962
42228
76277
22912
76163
29020
54539
93987
48817
80906
92573
74781
91872
9689
5658
76898
11336
29708
14624
74750
47804
86011
69894
23269
10725
9896
49558
74685
2453
1466
51790
4679
25427
31727
91616
94959
40698
76611
2397
25130
25555
44354
3836
20208
73583
51350
68200
19158
69413
4824
85745
99916
71699
72351
34889
8245
4027
91034
46290
43450
20733
43394
62267
75647
71813
99695
96661
1307
57640
273
73151
64670
43427
6885
65930
19137
24249
99911
88030
49555
31257
97644
86932
67442
89212
18292
79022
62506
88133
17414
40228
67087
19151
64769
33151
71641
1621
80664
57543
72991
11820
2246
58263
49485
83672
37847
42507
19410
59233
34506
46975
68229
79768
98901
10123
98193
52517
35685
98532
99055
80605
96983
23109
32766
7226
67239
37699
42980
72426
36070
99892
10063
86776
58058
61343
95626
3380
26780
58781
59819
89699
45716
40744
15124
26759
77558
82083
84807
95853
53073
89204
99132
87634
82250
16022
63096
66892
23058
49998
98214
97210
5900
55000
49606
9899
85774
92591
16062
33872
36924
98119
63775
31216
95907
4970
33358
75873
38032
86705
18257
28107
26642
7482
98039
74566
95744
51768
74904
18025
2006
71841
43158
97452
81619
10671
3603
66957
44121
89982
37137
34611
81872
68050
30251
15892
99269
33578
54547
40710
8841
10637
98698
88958
25081
19806
95696
25132
59368
82431
45541
5032
62405
52467
501
54120
81678
17218
44427
51399
1072
84430
42379
30936
47551
6717
50391
22123
73915
53204
9957
28452
61613
72633
42938
37427
15404
66687
21139
16861
16268
69208
51455
75122
93616
53816
9698
22584
85429
42410
72724
15806
80024
29420
8122
2340
82570
88973
52496
57538
79290
11339
75983
47317
87934
29752
23609
60464
78700
98147
29060
24461
26339
57168
38077
96306
46343
34748
28781
83606
64934
48045
79096
44531
25965
26289
42168
51175
36054
97348
78003
20839
74331
86529
350
62498
44934
74903
34202
91648
26625
16565
8840
65153
50594
99026
75652
17133
46399
10374
56596
4377
54640
73917
38189
67929
5425
61654
86425
12067
29264
55206
93838
64739
37110
7579
96353
61783
91907
29770
67197
19228
53746
87687
89221
11517
96188
30427
45440
6848
74003
74147
34211
95262
90163
55128
35737
82795
35475
55541
61505
44840
50121
72905
67516
32890
59166
73471
33441
75953
36515
54777
9891
24079
80404
30316
53540
56900
22992
2283
83857
30992
26928
67933
8098
39983
82791
44556
20909
63518
877
47039
82313
44219
73186
81973
57622
97210
82766
6501
23964
30871
81374
76543
61972
91703
88824
33280
48515
34086
42550
16866
10150
10324
5443
4907
57757
50707
22712
6341
39006
48249
12217
95321
47313
58557
37981
25228
53583
51671
69831
72452
50389
16650
58037
43296
76552
72948
51035
90436
22031
4896
91778
41012
84338
22501
43376
77554
85537
7342
47231
1707
23792
68520
57799
35648
26848
10043
13351
73170
89436
49410
12016
51511
54719
18633
5465
56428
40482
11504
76508
91359
85843
10067
89267
77021
26258
81689
83954
49276
15899
86466
14368
83693
65758
42464
89505
30037
6870
76761
47160
2299
26214
94246
72315
11676
63140
57182
59596
68508
92402
54808
93344
51176
86453
99485
13887
18513
58872
97866
42880
88353
15193
63263
41869
76381
74413
65197
96254
89802
97605
29745
55469
32566
81628
95500
79544
78748
16301
86422
77645
16775
88694
79939
9870
47292
30649
80598
11992
78186
2779
74538
40941
77145
74218
80036
60039
87926
18891
62794
28577
68795
28568
2441
93354
94414
74688
63539
11105
14716
40943
65015
7593
65284
11716
4976
6762
84777
91333
15836
8416
4675
63881
33382
7581
9915
69559
62160
59769
89368
10633
87740
96401
41995
31324
17103
38988
22711
77166
75734
12255
51445
20256
81217
72254
96113
1648
5512
75915
94346
48093
82851
12009
92055
79494
46680
9036
10843
64619
77349
26850
21114
53807
3449
70647
53239
15939
45184
52453
67187
30508
79094
75295
62768
16370
34093
31807
90834
2715
86152
45098
6318
19587
46082
17569
94227
80756
47565
35492
85255
24039
22363
99913
97497
27304
31258
30416
37315
59731
93757
50365
13719
3410
2838
29357
71753
62849
60956
44219
86540
63037
10520
3326
82170
77758
64341
52125
5082
52318
97854
15854
98917
59189
53938
39466
17441
43439
56028
51943
44291
35490
9751
90841
85872
93761
51813
63511
7557
90425
40433
46389
77408
71116
99436
54786
32305
26055
37173
44508
43643
46498
56466
2487
82541
65426
3822
26981
85494
41770
36062
92417
61673
13774
67191
92060
14275
76875
76807
51979
6558
49553
41639
78407
51224
54229
35592
67515
82587
57446
60568
87359
15390
80653
72489
20409
46389
79927
57663
6823
46926
86722
65993
17183
76060
76485
57757
70116
1294
37301
11784
20297
40070
30412
13517
97558
88964
67223
1167
93887
87413
16557
27008
94906
20495
64425
75553
33991
9147
25917
58466
18314
98610
58369
23089
50593
87396
98518
47042
69708
73504
5660
60710
6786
41147
82364
17739
40521
68449
51431
64186
82101
32902
68819
64165
29298
49650
82883
25413
29250
4414
78439
43476
94412
97797
78183
22838
67766
61093
96019
82089
12362
25123
25629
30313
44179
83025
81740
10211
80684
46344
19940
34359
59814
59875
84891
7579
43493
85576
19087
33836
61259
47014
8575
61723
5763
88555
85655
33899
40575
2396
82573
5737
23105
12685
78227
42526
87709
69925
34863
46601
12968
75493
32090
97771
94331
21543
31602
61032
87533
76969
15297
17276
21600
67529
64987
77450
35001
52855
4182
10004
6029
20909
95502
4488
51140
76303
41994
76113
18150
53476
76295
38347
93011
98639
12901
10901
62953
55027
24750
88843
38130
10056
62377
97377
52494
33973
64949
33645
65795
87557
94915
29182
73468
75555
21490
73883
30630
79248
17978
92081
6687
96414
59883
16481
3263
75392
75527
13448
11857
53567
29006
9442
74811
71600
85512
74960
11423
58867
31057
73554
94339
83249
15321
62503
77734
81778
18769
2552
41479
7920
73771
23533
46248
56668
70116
98187
32655
9905
63078
66295
95964
36510
91957
90156
97440
55598
16147
83862
18878
65159
63028
16196
68725
52830
75074
41079
45302
43619
68502
7724
23433
85155
89994
6028
55259
61087
67627
25753
61055
24633
32035
44422
54515
43664
86407
62116
85772
67951
26463
68321
64567
79699
20980
22974
43938
71835
75469
96576
28860
19064
34946
49547
95977
65168
4657
88048
11693
50113
13162
55011
69790
87952
9987
38819
74278
13400
82541
72124
60214
83066
38566
8823
12944
50478
49402
11291
42032
84223
37997
68424
67143
51315
81769
50324
22985
91033
70824
14923
29100
71130
37651
18383
88953
44111
31404
64392
25349
58296
31909
12825
40848
41608
59439
39294
25330
76936
34023
19348
84377
45614
48210
88525
61425
28874
32534
83081
45433
54175
35966
59962
26366
28053
77870
44978
39126
58719
27942
5983
36114
42160
98149
64071
30638
51600
86684
78332
71895
10935
94810
85102
67853
64196
1389
35849
87232
39375
20555
12804
99746
59926
93263
72564
31205
72294
20544
1854
20507
42041
28750
33961
18070
96039
21352
93776
68706
53968
7401
77001
2114
7668
72013
62750
72060
93725
17778
82228
91339
47452
8030
12569
33656
11741
34554
31904
63958
49289
91237
80390
29748
29629
15744
88442
9010
5480
43547
10060
19804
44174
62291
87641
70392
24017
77880
98249
46063
8492
56639
66105
95790
77791
95570
1519
31564
7053
8092
82783
53898
11477
51610
32293
45494
51448
63098
72518
45930
40446
31358
4261
18358
84066
7668
12164
58683
22887
83423
85988
32514
33384
95999
81889
34299
62539
7812
37392
7566
38715
27564
64063
72273
46757
42946
3725
7336
24562
25038
90275
90412
60391
17984
20347
95719
932
69845
68500
78882
70065
24651
69916
55907
82921
59899
16973
16408
45386
13265
39671
36637
94632
30492
89466
51291
62465
80060
51174
78532
97520
20233
25711
8461
46098
51014
90024
47273
31788
75611
81294
51225
80564
61550
37494
22262
16157
11101
17428
73582
66328
45196
90117
16466
61368
15920
15839
18320
55853
90032
40365
96780
42683
19264
7801
39189
84172
90601
99788
60648
659
70108
50620
53849
67127
99302
40033
42454
42804
80175
72357
33824
92076
73685
92650
8602
42633
62009
26112
71986
39492
24325
80873
92307
4859
76898
90138
68806
65050
54832
46018
1747
78918
98703
95312
6669
58906
15670
2752
71710
79865
25961
61813
72753
94797
60436
31049
21856
38281
55026
35023
76234
85334
15253
29609
65923
86309
19556
95890
18590
52873
43256
80664
29683
47113
90914
39822
83616
48317
63661
37210
95463
56633
52919
48849
50261
57993
44999
11695
2463
51222
2293
33521
28735
15945
40276
86116
88544
2652
3005
38371
50586
71074
18994
34164
97451
71120
80615
36843
74079
55980
35739
92797
69912
31822
85267
48727
45314
3233
55270
9846
43682
50380
24455
32893
42649
7318
26507
67152
21013
12145
95015
70533
65798
20134
70898
87222
8264
10284
18104
66780
87342
91291
85678
56609
84869
31172
24692
91613
7975
99591
21177
33811
43070
12176
97910
82008
26390
73198
19616
91797
84319
15428
12767
87211
76942
27783
31142
3756
2132
60581
34974
83928
49760
42982
95720
50241
82465
78656
67048
10993
19667
51964
38067
18875
74185
94863
558
9739
81903
62924
77074
86689
16345
34558
32713
1297
95916
19284
72308
51757
66818
56833
16114
16478
85744
74218
991
83023
68649
97967
2586
276
97733
96201
22281
9028
99740
60985
59011
92032
28904
12953
56145
9684
8446
94519
58146
89580
60216
60174
57789
69721
50663
58292
11558
10909
11877
6484
1055
1420
93657
85161
8417
53449
68138
25913
5872
91698
79320
28879
73891
62596
75587
57930
65615
64334
28047
91790
57656
14520
33517
79293
87983
95337
40063
20390
44658
72123
70174
41019
74389
82938
3732
73919
95844
78422
89165
86366
84297
25465
84546
68989
7761
22612
52990
52775
41862
35283
42779
89686
37588
60447
55761
5620
24855
88204
63103
85146
64043
713
62327
2318
941
70862
33166
13388
50361
75466
20525
71600
84546
89224
51727
84616
94229
72043
47981
74908
19225
50833
84507
4003
8712
41539
48594
99870
48704
26990
32199
90471
25402
63446
77611
80773
67416
61254
635
64274
86055
37063
30026
79600
54781
64640
29697
73285
24705
13678
85296
61226
29235
12624
558
89413
70594
38965
38087
5487
82925
14691
28875
25830
54854
70344
11110
28316
64687
19380
38438
92453
94427
55858
48900
70069
86218
13984
18515
52211
85161
44595
37703
86691
74999
17407
27228
43628
20720
48963
56217
73918
60924
8642
50759
3164
45408
69378
40946
95947
39870
3861
92465
26808
36004
57040
92561
83801
12585
21540
29616
97049
60871
11352
66974
96707
72516
23992
16251
55385
27252
40570
93035
43045
33932
68740
55708
25238
98185
60999
82415
19320
84814
90755
64621
673
56904
61440
23332
37647
12038
85368
67568
51996
71189
25471
89684
13075
41677
98269
637
8460
71724
44130
36073
99810
41934
30453
78377
1407
45021
81033
60740
50617
35598
79447
81988
43189
19701
84305
66758
39977
57661
41649
66084
89986
73940
36964
99583
21766
5763
58250
30624
25226
72093
49943
20894
14092
73597
64059
94646
42933
18027
54936
36444
14299
8304
6591
60556
82448
24969
13352
8365
95060
57075
29871
83560
92554
64010
58166
74542
40934
19510
84445
83026
31130
91692
50188
66701
91941
74395
60847
35817
69853
22738
33594
50892
838
95857
23144
60422
73319
67831
21629
60608
25239
8539
44425
93656
28721
57938
4702
93442
56268
91467
82226
19414
6890
29352
1022
28595
61790
84121
22711
92902
524
67047
4687
12530
97575
79533
32432
82737
16590
17321
99912
33918
93510
28223
40712
10090
63525
43008
51584
10312
1911
40281
83911
29953
94635
82314
56794
74291
90386
23255
50761
65492
8544
60871
8938
4077
26135
57838
13738
64694
633
17937
60618
32270
46205
91107
61320
61068
65206
99808
50672
80848
17904
67569
86553
86086
12733
84842
99668
43967
38514
22865
49542
67875
70792
11046
4297
56841
87663
25051
59886
59686
93
52358
31080
3199
38492
88581
90900
98942
43946
16783
28163
45648
60357
2519
11474
87527
96321
61440
83512
12264
38085
40221
48876
36850
36606
80097
48361
90924
56674
52421
39371
36697
64553
40092
88261
32346
83925
50
31031
769
70844
96652
48992
93943
47574
98669
58567
8356
36724
17383
23471
556
81221
70964
35524
10729
84696
55130
25262
74601
36415
21126
83711
32319
45552
69212
84000
96251
96680
70169
54680
85255
67561
92168
83942
83536
91510
47446
58675
17788
15448
50223
51463
32024
69297
28216
87396
44655
41923
25737
79684
74009
24796
11843
16866
26469
4291
82761
31310
88855
47202
72353
14694
2961
38564
89090
92193
1509
13132
39921
18751
77598
90999
88043
42475
1445
3331
10576
92306
27924
86583
67070
47516
48498
82809
7143
1769
51811
16428
76759
83465
52621
79973
5907
52530
76625
966
20756
31425
53246
79015
68626
80931
95693
4352
58107
61831
27706
76582
42686
66300
279
99205
6764
7949
46699
50744
69458
61474
51157
96533
35502
35340
45391
78775
93041
12439
42943
44986
52649
1799
96317
42547
21556
19350
48378
72215
94873
69564
29792
31042
64025
11290
13676
59687
55071
30655
6910
77434
99353
55746
53831
57884
95703
67143
95244
15740
47769
70829
34849
79624
50773
71613
30864
77868
81168
68732
64823
42389
37699
42596
74221
89804
69686
34877
15785
43160
24521
63871
20021
54854
8781
46239
64610
7892
90692
57847
57980
74474
63167
37513
21096
30559
41260
15484
31946
52424
62317
11475
3018
27226
45657
60771
45380
22514
29598
96701
68751
7065
78800
72711
66766
61158
76702
34114
49927
92463
33108
44047
97749
84158
68823
27916
79872
51996
81222
21408
9161
20771
42424
85928
97410
38493
71142
50831
10664
49237
4170
94257
64300
15593
73265
53601
75770
88882
89691
36769
45373
8965
28869
85937
64547
68173
22359
20859
76563
2813
8197
2925
41418
27176
67355
33785
56279
50296
74070
67524
40814
41047
46875
42125
28001
35780
41104
488
42833
3881
11532
41763
21936
87994
60979
44585
7421
53580
58020
46120
34673
66033
62572
52889
21774
47349
82062
3909
5246
94777
1020
14544
39257
7574
3383
64735
37598
75860
17394
50442
73430
1963
87494
21373
38405
22303
48908
11755
70838
30666
97609
80526
29152
97014
81773
53639
94494
67127
99649
35467
83971
10372
34928
63617
25782
37474
66708
84291
98583
63435
80330
39859
19128
83170
28316
30524
17915
37267
43062
31284
69267
27855
52248
41895
7649
33893
96136
90615
59266
94620
9967
40476
24245
66215
47602
18133
88811
91101
52418
64019
10966
38462
56540
96939
84247
77829
79718
54740
21111
25093
76475
62648
36008
40965
63216
6669
8062
42970
48968
32271
45204
40437
77724
83424
37878
90798
83374
26923
44423
56575
2159
13961
47259
25871
85950
34512
32029
31801
54264
70121
41175
98888
64844
54761
25222
39481
8776
4599
89531
42198
49462
8035
88058
96944
38530
33595
39046
24223
76424
48306
13490
63632
49943
98364
63601
55229
14035
86096
83760
83224
47225
12509
98509
10631
21122
47654
10132
14787
57348
90045
83989
43622
52766
76797
99276
82223
13028
49682
25091
18899
32443
76256
38088
1989
35940
33627
33517
19295
65803
62349
96831
83521
75593
12816
50299
13825
54946
86187
61036
94077
16286
32105
73128
28276
71982
98757
46721
94083
11771
12778
20982
14402
91113
78277
32185
41261
11679
48321
52819
68627
37139
3832
92626
28374
36843
62506
42959
4346
30123
39615
60942
60061
42256
57810
91463
40488
50095
19019
16284
18240
59785
74089
28851
8820
29776
1493
73386
90812
36358
67056
62053
25241
28525
10149
98119
37124
74639
43024
51191
40135
36335
21286
74731
46248
32903
29265
44469
78632
15295
90533
46210
57408
6879
91099
82105
3712
64386
54654
19580
99156
52177
70970
98359
9411
79937
95934
7607
73470
78
14747
60676
82460
5772
65811
70003
32036
20616
47643
81454
50369
37465
71486
18908
29319
7251
54662
21169
9538
97103
89720
41318
63414
77956
68088
66469
43377
67260
23922
3251
6918
22216
35345
85831
19389
92708
10886
85782
73462
7302
94045
73089
31304
19872
24379
70302
75470
61179
43225
91677
52355
48926
48130
81699
78007
19711
91679
372
82362
81870
98705
58124
67428
84196
58946
37945
32563
9147
33219
69039
53574
79455
76613
51950
19529
51423
9565
21674
44800
46527
75713
53955
83693
50799
13226
90099
55747
87897
54913
68434
12228
99106
26026
8399
90390
12915
15961
28793
97500
44386
50469
57198
19292
95321
1689
49214
30096
38766
14480
66040
46859
71374
73889
1742
68818
42433
24073
55109
22119
46076
46773
89979
58942
70965
3854
62979
11377
47662
71427
7285
91676
39286
78615
92784
34894
66154
48657
38829
38438
22250
37490
65225
58528
57141
80518
93604
67295
2247
42827
28404
9340
57335
48935
60896
84390
58982
28314
50298
88350
48578
23317
96006
61583
41073
46073
29204
18286
94433
57697
5298
15394
48991
60789
89988
53628
50669
34414
23500
14534
19989
77299
96431
32927
69915
60839
65667
43059
9660
47242
26111
76614
77713
88937
66603
99061
90830
5032
91509
47172
32192
90380
96619
6863
17552
63927
85571
73161
60399
92697
41414
10559
94475
61573
60790
67758
15083
60592
13180
75568
70428
95091
17340
74674
18246
58655
37600
93747
4211
65339
94820
31154
37750
15401
4
35785
42783
11591
27545
19419
24283
3912
85840
71184
72642
15526
86186
91084
10413
34290
62646
51728
72470
93300
93240
5037
85128
86237
84616
91318
79055
35565
10783
4812
78259
75742
34788
17892
92801
82289
29930
87706
11954
50696
31092
82812
6036
91840
22093
20619
29648
1373
33821
14097
41864
70482
11656
607
52236
45860
9617
62783
66985
11160
26455
80478
38690
64183
76458
37139
15681
64723
14597
26659
76192
81930
39070
89572
84733
86834
92508
23444
48070
8753
73562
49872
98823
45076
1819
26394
6015
34516
99935
28260
8213
46077
1845
83194
76259
75218
67526
6755
1457
46330
18699
79589
540
68102
57622
20080
54775
22740
86994
98237
77209
11162
56877
66237
7532
27665
81265
86007
62638
82885
95200
61080
67562
20109
19013
62159
9050
881
11808
1701
82266
84777
22251
83806
76073
84581
34969
6500
9370
42404
30321
72523
91278
46467
88901
22489
73789
21910
88529
68771
35005
19742
30856
5635
20369
55583
1490
55769
90226
90938
24240
49952
85686
89851
75705
45258
5827
42105
89090
54899
44707
57899
39199
43866
30975
65025
7270
81620
28530
40884
73323
34037
71212
9267
74542
84459
11235
9198
60378
30539
72661
7518
76927
62701
71745
62460
43520
93342
52851
15524
15448
47072
36205
5017
79467
94180
25664
94581
39440
44993
55068
79550
26296
21684
10921
33176
45047
24080
41652
25966
14434
19165
44375
45197
17612
48806
40852
12232
60453
47595
28095
64412
93255
39445
17361
77038
55790
27006
6580
82753
53435
64500
38814
65560
85330
86291
51139
72744
60690
95482
19915
27035
69915
83749
70331
10372
83022
51274
8811
27478
91522
16948
74645
82153
90761
12841
56378
14479
86935
16032
70000
87505
92991
9722
90755
21703
52461
84990
34344
11786
58146
86977
57698
96557
50921
4144
6909
38629
526
77137
75134
47259
64446
79687
13345
19421
5282
35478
82604
18320
65644
12918
71623
66243
8393
82718
25889
90497
2344
2575
92544
68344
42281
21012
69399
67961
68526
88594
82443
44907
12900
37350
24426
22008
8057
20302
34347
19437
10948
10070
87821
80016
64382
25934
10962
47967
75117
63981
8762
74154
23682
5146
81604
9584
20754
90580
6288
23577
69606
87177
62121
18248
30045
66103
20630
70101
90272
44323
17688
21861
40213
45464
6805
17954
10989
69527
54471
85717
87335
88055
82028
53585
56622
99474
8367
68323
85489
79537
5187
60254
3562
99340
8284
90579
41421
43957
53718
8660
5523
65938
21177
22018
58988
47069
8497
66498
79205
45682
9718
33681
23644
98156
67659
81580
37340
56354
44754
19149
30002
87380
42532
48476
88435
31874
52794
80294
36023
16509
19578
39446
70007
4859
20507
65921
42781
6467
94903
83747
52885
51304
39900
86943
89291
64446
48953
9793
23719
53595
47173
7741
44696
5659
28708
10325
45640
56696
53915
58276
27297
42641
11070
56802
43192
52056
35493
68600
74097
69343
24184
50995
4224
96874
2097
7726
19440
86112
40590
36146
21733
67682
96028
66622
96501
23435
31299
1177
96554
25070
15165
68433
2070
54927
72343
43538
89485
54453
17793
5665
55268
96298
72926
95501
41202
68749
18358
99976
72365
4343
53170
79373
58596
49394
95016
29961
28727
82244
36925
84372
89345
15258
71657
38565
63325
41254
65517
1091
3212
3054
65490
85414
75540
67786
63541
87994
18643
41629
65543
63364
65659
74943
7274
81307
13797
86954
49989
1612
14035
98496
61918
67124
94291
18959
46716
17174
70424
27066
91455
43107
90774
76190
79110
14598
6916
31674
80684
48378
72392
49064
53643
6308
1630
37178
92311
55501
61040
46455
50725
36273
68657
73833
12805
6630
82612
6473
32259
61280
77011
35877
96275
33874
27713
32559
67857
33738
95972
56232
44878
23258
74989
20826
30263
29294
86036
20926
2878
65877
66139
85362
41819
15065
9492
61714
60799
60834
73425
31846
72131
77376
969
51297
4418
11422
49072
9864
61679
13759
51270
66059
42297
8526
92467
97856
44969
51760
38510
71939
95918
12715
17112
22676
19939
84884
22854
44987
7602
97412
11077
7376
31506
91600
53484
57144
22647
41540
36171
54097
34269
26703
33271
78751
46543
6010
26007
3971
18628
76649
34973
99400
44817
56745
90391
94910
58967
2970
91359
96353
88148
59309
21757
78746
12886
28767
25712
73496
51701
89201
69207
86413
63511
23060
34657
50519
905
77838
1298
38375
53079
90612
46995
5988
75769
98391
63836
80363
98435
95913
39412
46920
11177
22930
607
19601
57418
41791
24160
24256
29940
36558
72581
89651
42260
26981
99596
4123
83206
26549
67379
54150
25214
63517
15317
64795
52948
5433
39436
84372
31636
62853
27635
36327
71315
87702
91862
77766
76506
14801
14665
25997
75399
70729
20495
3420
69566
6415
15016
25641
2965
71656
60042
7789
49331
66182
40582
45291
41611
2638
63854
61645
46886
82192
11032
71349
71669
27062
79800
43247
49018
58288
74667
40108
58460
96746
55580
10897
42934
89276
5389
58941
62996
44390
35658
83649
84521
37377
56597
53750
4184
86009
54398
76697
16903
71681
5278
56113
43343
42676
50850
22005
13390
40818
58568
59761
71437
84609
81745
18704
56484
77845
80922
79075
91165
38518
62448
33629
76147
39458
65335
67237
19377
31237
4581
79470
81931
68141
19048
38913
34003
99960
51637
3074
3841
39156
11587
56670
93500
60567
24741
19676
21144
23370
14495
95624
63454
76896
61469
29614
86475
27978
48639
53966
39920
26688
90029
95946
47443
72484
82035
37373
59435
66295
12602
33484
90186
504
84436
20748
39004
70725
90397
12366
62791
6048
17619
36242
81732
55462
42549
46052
21645
56790
93743
89092
23535
92508
87114
16090
61851
43834
7481
72297
67683
45094
89954
81272
34476
95712
21677
94486
64667
12386
46686
88144
7167
47510
65116
43263
19920
41085
26173
19822
11204
28905
6068
38466
58525
1818
85698
6222
73202
99220
34375
78931
19217
5230
55598
80918
1652
62646
7626
14077
93243
68568
55261
27369
54041
26244
35369
91634
37107
34263
51329
93441
78897
26408
23090
67031
52955
73982
91686
4224
42904
78627
802
39877
27183
58124
73686
58106
25752
5075
78945
53337
33844
65690
74265
78201
14120
8956
86025
73582
56241
71964
46787
32188
29106
94528
69365
96879
25492
16526
40682
26044
61970
53215
7530
23425
91840
77500
9404
63063
64719
66579
80314
6370
53847
63491
66299
33650
10754
40034
4650
74794
14059
35960
31010
75653
74384
42589
72173
86660
96084
61224
49283
8909
44454
92788
12586
31299
61463
46827
25918
7268
70603
41628
24899
8237
34786
77496
31468
86463
53074
56872
62914
92730
72169
97413
41622
55091
42164
28595
21030
5658
77972
30755
16193
34541
76026
34770
80584
85038
8878
4121
17198
54940
43744
52077
19926
28050
76116
76649
73931
41028
76002
10238
18735
69158
31208
90398
2401
61167
11423
19940
42878
2878
20517
19626
23946
28542
9434
83619
6001
37716
48316
28509
23221
13882
14259
47314
3482
8055
37333
5234
87045
25547
10301
93024
71995
60273
27524
66913
31793
39479
29012
72446
97476
31352
76113
71094
18995
48222
20314
4818
53860
64777
2
58016
61743
85185
29119
75155
32843
61037
68443
12891
15936
773
26803
5560
61711
88676
67360
86471
46508
34412
99689
45912
87026
61172
30016
98969
65851
8718
49836
56
21774
88029
63239
49364
26353
97713
10524
65349
14228
92413
88541
40002
52152
91207
22789
61157
86704
8596
31828
65438
21364
47473
8102
5566
7033
92155
70708
91203
53002
46865
96862
16
34002
73991
75883
44390
21910
46752
3682
14785
16739
19602
76238
5781
25700
97927
75865
28248
96295
84644
81567
97406
5890
17921
32426
66263
36558
19462
5895
63394
85177
83048
25740
44345
16522
28300
63254
57749
82561
38932
76070
35512
37463
78098
60761
6186
31775
94643
56846
19711
73008
86146
87143
70627
84125
23858
41240
21492
51979
69475
34482
7588
52378
6020
46007
8916
18414
52052
67934
52401
83831
57737
42403
9358
463
90513
95973
37939
5805
98574
26840
23009
84728
76877
87669
8621
59282
64357
17574
80240
72609
49992
64521
50266
77917
1542
28200
41881
6909
87946
97398
37724
33060
3787
86922
69390
30137
47560
80802
99153
96457
64972
4889
41414
11231
6588
845
8568
61265
34707
27647
54259
91181
63507
27609
49111
18685
62187
66150
59425
82410
94713
58770
78557
91030
36340
64752
73548
12034
13882
76400
56230
72506
17436
1082
66881
45549
19169
84428
62216
74100
41122
22176
56065
55443
29783
9318
32860
53509
30262
74588
60307
82401
82560
9280
50642
76613
9396
94393
40153
59076
68562
91539
75585
76516
24821
70022
39359
28615
41953
81644
5217
73922
50750
73359
8121
31663
14779
44084
18790
56669
38238
37633
99625
74590
76129
12507
44369
94756
50355
34361
48624
51211
96715
50855
55038
13584
906
3404
58438
1902
20944
85063
48254
91120
62571
10017
5222
92935
54376
66172
61076
51412
85109
74791
70340
12121
28080
96773
23187
5847
55622
19465
26712
30362
93328
81554
38538
33958
68529
84849
6211
67674
3799
38841
58515
24250
57755
93437
4886
7801
81297
29168
17314
12887
82301
78210
44530
17287
62439
96939
16486
43050
93743
4236
50385
74137
37361
91563
1391
43109
65873
62927
6999
59557
32996
49053
42696
73049
29609
30486
89098
87426
77628
45802
91350
43782
93342
85772
78194
5520
99548
49188
1461
12189
67101
13364
46941
55971
22617
80412
58452
75447
80138
53511
85416
17210
50516
12195
63332
51568
4844
65574
15939
74073
13811
94444
90676
20358
83352
94657
81924
36986
80456
20499
14650
98717
97937
66202
27314
24280
39106
66143
13503
85685
68133
78110
74593
99533
99686
913
30849
5778
13328
19958
88367
99129
14945
77885
83762
97196
63183
50811
26718
49323
79866
16329
30932
77274
77015
26589
98335
89788
36777
26017
74840
98121
55545
2796
37907
97290
93375
65932
41708
67719
85861
12607
7397
64834
78160
85747
95334
42820
27543
16557
82468
75636
16189
57149
58650
63001
86015
29012
5257
34462
64567
17137
60707
25644
22011
13779
13593
13676
66121
75426
59300
39666
21552
74318
89350
67084
84841
40522
9719
50748
90970
14064
93510
16381
64320
81195
41233
30211
83363
56078
90965
55398
86545
9567
17857
48685
33275
95970
30158
47456
76364
71783
47179
60994
75856
45812
74332
45979
18513
14822
99412
6674
57582
39668
59410
43093
26553
78605
14629
98398
99068
88106
94773
84571
40681
43502
52748
99828
70751
17533
916
12373
44518
19223
2531
43312
48789
97385
59787
17107
58021
54948
5522
25425
82129
96957
29287
81417
72000
51966
11335
97108
78242
36149
49070
9398
71836
89389
51760
92302
67502
94632
90743
6192
60058
50525
61111
90049
96613
1792
51641
64092
97670
2891
99238
29291
9206
7798
62708
40511
46067
51061
63670
23978
91322
89585
47565
12025
78563
13787
23136
66473
177
78750
96839
46108
35339
49592
80119
73616
64440
48802
77649
71525
78928
81821
18158
6454
27731
49222
16004
30006
12391
85889
31447
58765
51207
24306
91163
67174
78677
10551
40554
25902
8982
2812
71183
95731
11844
33462
76420
7616
68387
14887
60806
10561
79077
9857
95433
15085
68148
17304
49587
25219
48636
3838
23745
53904
38069
73559
47304
93077
81064
50292
8078
39994
48695
90785
16608
59924
89914
6695
48664
34760
56921
26943
8077
14672
99047
20386
56382
93554
77648
98474
34511
45663
99881
31758
90180
34839
44186
10859
96489
67904
76156
89036
88678
71149
15857
23995
27500
94832
39580
18094
58930
62802
32102
39533
73137
69554
54722
20657
39317
2808
40904
53747
45915
83935
90986
2255
2824
89268
38198
77518
1497
93741
1822
97643
86983
84144
97965
42008
6025
2401
82789
51339
61143
210
98056
1465
98486
23513
19363
38297
25192
92288
91007
63336
16856
69996
68099
27473
73822
75624
41295
55665
53931
78960
9916
63007
92280
19019
36380
46860
90411
75824
23041
90031
92151
57933
89068
68819
30436
2816
87491
14021
99582
55440
70739
63722
74639
30862
67913
29023
32758
86240
43515
68593
37003
42624
76830
37255
2601
40945
34077
89703
96599
53621
12235
9219
92312
40713
91061
94605
82331
69538
77169
80903
11419
27204
6681
89174
95800
60145
88265
35597
56749
82235
48456
36082
51326
42361
30747
93502
81788
50616
31241
32749
52904
62605
24917
43639
63705
55616
54436
18964
76979
19586
80778
46892
82186
67895
52714
96118
97133
35367
54847
48331
96384
92170
99336
13836
48905
33589
34684
11416
9758
93024
2561
46712
34679
62277
63266
64797
39069
50496
81387
83844
45642
85259
22293
71527
83799
38805
55427
49402
93933
62919
59972
32666
38163
83225
58269
6004
90234
19402
19319
7438
65291
46605
55594
701
56836
95018
29827
32458
5815
14950
9418
27057
16131
83441
80791
39043
77193
42182
15847
55606
25145
60452
71619
60558
2409
81829
42552
46375
80853
13757
12912
79741
8658
24874
2662
62325
52403
81209
55057
93583
89835
72218
66063
59697
64842
6112
30291
98549
15287
17257
32805
41802
61504
76482
28434
25979
70411
57842
26574
87931
75238
31264
73465
92126
51315
99772
6738
46631
80323
39588
82338
2571
78360
39573
96571
17838
3330
29608
65068
89858
33691
14647
12911
5697
17393
32720
68433
45362
84079
62599
59941
74808
66475
14722
53463
36972
36196
46097
86533
99273
4373
9426
65475
55437
62973
70810
95504
66935
62127
40860
15208
10227
43214
34972
67487
43110
65193
76161
83969
11426
7895
60352
28771
53852
32197
31737
6335
25662
54424
8344
29847
87656
77036
32158
85239
38387
72028
9282
55803
29404
46305
95612
45009
94140
19470
45559
39803
98077
9492
42979
46410
3416
22936
34529
54670
76388
81624
24380
10837
52854
67457
63377
46110
19795
2844
96848
95142
37555
74969
33169
76490
79539
88346
8124
94347
29305
5634
71491
65790
77896
93305
65849
77261
29117
56345
9616
19950
45569
94291
8629
67847
44231
20930
11360
20185
18784
82552
84668
61646
74215
8930
88950
94213
91152
33620
30187
94142
58919
40065
97595
86936
26273
9103
3834
14772
27595
90505
94317
81415
14152
97874
84427
57136
35856
76494
27663
19941
73414
17060
9487
27875
52049
80495
29118
71472
65884
19738
2881
70346
53070
10743
52306
96850
37437
25682
96165
11729
12679
28900
5763
60896
13726
64827
21958
25056
93620
68372
49614
94483
63316
59597
38552
82134
3379
19754
37169
30481
69451
41283
82320
58345
96859
18983
18592
98654
33860
34533
85370
15329
33671
36537
43143
31198
31866
54961
45835
21784
77704
92762
2713
84413
2970
3628
20916
92341
71094
96799
63904
50163
37231
93624
65301
6620
25073
50801
17535
41076
89325
70395
83476
68137
18150
80668
26621
40273
17854
18044
4707
82277
53464
77783
3952
74154
77174
11465
59823
95794
82199
64672
7486
86229
2543
26295
28884
70697
78505
84263
30602
24174
13091
75881
39779
54026
98122
6884
26873
34199
57974
37794
72739
67015
94897
62861
23230
8232
74645
76239
96705
48952
89383
67944
82793
83148
49703
74367
4650
57817
45763
50179
79817
74453
53301
66247
55965
20924
95377
32570
50993
92650
42534
92335
75892
57427
87087
47996
27473
8319
19407
83908
67883
66371
45167
8474
97607
39072
7625
43765
38366
67791
76706
16811
24910
44855
71107
16829
93827
63725
99626
44806
68758
12738
13001
21081
11042
34878
19770
64037
13560
35864
28796
58828
11236
92487
1051
98228
63883
47942
95852
4088
90008
43908
83997
68995
77462
36756
16279
39187
9767
4457
18962
56619
6307
56986
51664
24848
24817
67472
87948
25672
15231
43625
40539
37127
17171
69276
63548
99458
50595
16248
60665
24723
59056
45160
13628
3124
99037
26700
96327
50970
40425
21189
86174
4186
15857
60902
37905
51457
91043
84755
93650
62013
30614
76949
97839
65978
10682
14695
61859
84260
98613
30765
61370
14275
60483
41438
1221
39358
52234
51965
23429
14029
11011
9499
63871
53976
11847
60451
85362
47842
87829
70584
80085
34331
68566
80332
97808
4544
16323
54977
48618
15019
18449
38207
45088
37410
49014
44655
82957
40196
77022
9425
79172
90643
24915
1647
56392
75320
63196
44163
89382
82092
90911
22705
39411
85556
97364
76130
54862
66511
37046
80042
91048
13415
22923
48961
67824
9238
71152
53922
50903
47040
27303
66572
54695
49683
11210
9282
95799
85617
46968
29528
31666
60847
62925
14516
47476
35238
73438
30958
76838
96325
44779
10279
17380
27749
65631
1
89367
78558
68857
74668
65359
72271
82074
75136
74482
76370
98631
55947
15128
40054
59536
64206
83845
15422
26307
9790
40540
21448
88580
64937
14011
36244
48341
61849
3534
13561
45368
30534
34803
58927
96667
7619
14332
30236
46472
34034
53716
21083
35069
99534
44029
63880
45833
87683
99919
35694
93413
51646
60643
49243
62378
18829
39379
57357
96357
17387
5809
59995
81021
52001
58900
25723
22912
96387
53036
93780
58546
78661
13211
91731
1258
67198
52628
63622
88226
49845
80515
38608
89241
16047
91602
57662
89645
15305
89990
60736
29094
12961
16171
66299
73876
84739
77243
55367
68248
15283
97741
35858
51205
3483
10577
86070
28039
45180
58539
98146
35126
15112
5432
81915
43570
87249
79272
67194
14634
72649
8599
72023
78202
18830
60810
93245
39918
24889
11225
50132
22010
34065
96897
52516
19737
54712
8730
16906
80543
93599
3780
79375
18234
54052
26444
39798
40198
63593
90325
97474
64922
12453
33227
8367
90374
15033
53540
50793
54126
97910
36359
55099
66784
57487
22920
31176
20739
62382
85151
1903
72904
91292
56574
97578
82474
64727
49872
28577
76353
86059
98884
68168
87257
99546
51040
58902
59012
71381
28236
36223
72620
36695
82072
86942
4439
70524
5358
97524
31597
76191
5223
33958
74750
96183
55837
1236
31308
16118
95432
49725
89795
87343
54366
62769
61944
25777
21655
60606
60316
9944
20498
65736
82005
38583
51433
66179
73229
42646
71
35048
81490
95789
43797
41760
4531
61022
8355
88939
61559
14717
8350
63904
61399
70378
56621
35380
4993
22864
80341
26629
53300
51111
92535
87587
22606
63650
79305
50192
53729
5615
95358
24974
69360
41740
55635
23469
52652
2648
12649
94662
17874
81249
8481
40394
8856
35105
95572
45580
94466
6950
54994
27581
67605
61333
70187
99182
97862
19797
19922
75071
74527
42975
24376
29799
99543
20821
29754
53655
20732
12872
40023
20755
37436
96505
92022
83260
99030
98626
6212
43103
71098
86954
25153
36183
51164
63216
914
21046
36365
40702
70626
96476
94992
46339
3618
78834
13494
28251
88348
32827
297
71458
62819
29726
64091
35870
67026
4826
41072
9910
50845
65924
64596
51839
31635
45442
25532
84240
16936
4569
64709
34340
7160
34904
28791
3365
64541
69393
30829
96566
54993
67117
15820
61101
6469
53129
18274
70120
37745
24414
34539
53103
8245
14627
52770
80710
41675
75585
9794
3946
44547
21437
56005
82648
74928
88862
99272
18814
58490
92325
61256
93515
85057
31658
42316
3316
94728
76139
8620
16384
16646
21211
55016
78672
87460
32705
14540
39897
77081
91268
61290
52111
32120
85245
88155
13145
69008
52521
53468
11196
57531
69100
49301
83906
59911
66114
56510
17525
3112
98494
5343
1078
9759
91257
98097
59823
70426
38318
79329
29143
74546
42179
95969
49810
37734
41579
31596
25295
61184
82369
87689
25549
4125
7547
63092
23490
29940
45252
38997
97154
87633
95106
35306
84457
4922
6552
68246
4376
23083
2283
9976
35288
17109
4394
82980
49672
81711
89041
70169
43112
50528
40343
11178
62390
90631
88372
95526
28825
72855
16796
78069
29908
40877
96534
19243
16404
87561
18950
46584
85819
79829
22898
29
93731
4392
34587
48213
86029
25030
90752
31035
71892
7546
11268
62661
74035
46640
43171
5541
98838
56394
4770
34755
60035
85460
63859
17352
49095
11846
74873
19344
15236
35453
46817
44765
42171
70885
49975
94949
20876
67757
34663
54545
23699
87551
37299
95403
55073
40994
56131
67697
90346
56523
70323
11968
11070
3369
71341
53328
55168
91348
79163
84445
71559
48837
6850
51141
5633
62828
85639
51023
10708
25849
57004
51851
94046
25967
64492
69912
91114
80226
33098
42153
50390
93309
99367
79554
62929
79385
34606
15501
12720
37287
25706
42687
75508
12601
98962
79942
84701
60994
12401
19546
71655
49627
62867
26219
87530
16883
74882
58782
34581
39296
92958
85828
58049
67596
25898
16028
17170
73050
35798
73931
43438
58605
95574
20988
21973
7244
7236
84918
9742
16399
12276
50436
67744
88827
35475
27161
37558
88662
61564
78091
30626
90275
50711
19052
27654
78913
48000
69911
23116
49497
49161
3842
57138
89281
42320
82866
47837
70472
26807
50193
17848
19316
76483
75776
87055
12708
86747
82815
12339
27522
57346
30114
39384
40446
3195
34181
74439
84964
49536
97953
41631
98495
11983
90007
97942
3287
88249
14644
93595
76199
85217
58589
55808
46224
19052
61523
22660
82825
78848
30026
63460
80672
2632
68315
92616
96397
45580
81070
97057
32636
80041
25799
6829
99278
98224
36438
21516
22422
87627
73642
87066
11028
62012
67479
67029
37797
11058
20696
29864
25609
90379
12959
94223
99763
31860
49969
92592
51645
61437
16871
57608
33684
70471
83754
30481
766
45520
32783
64031
4954
79306
3501
36392
50378
20590
76699
74924
24884
98956
47008
11022
68282
10299
13019
70809
4581
50762
99413
68463
98961
71031
66029
84088
35528
15229
76560
1265
47759
42709
51177
22416
13934
5289
89170
33584
47955
23188
7624
78569
56458
57580
4367
87029
50552
44096
37797
78029
63545
60330
90172
55691
8778
3412
87473
30133
39096
50899
75360
53747
95544
96156
6727
77236
33304
65304
13407
62109
39908
22271
15887
9114
27606
33093
93507
31977
87999
44075
97955
88933
85787
87179
98935
8703
95535
43861
43251
68924
15898
92503
67129
38518
57829
23983
32660
40352
76653
78314
92729
24996
95616
40207
90815
47986
55478
89488
915
19003
12304
82405
84047
29119
66492
49668
40598
70110
84415
46251
24649
13578
70903
78348
53602
61316
58857
57222
48721
38316
9905
38208
99937
21847
63989
67212
21765
15684
27686
56042
53015
52028
68736
89216
61068
16333
50943
21659
41139
31918
52362
54588
48097
52859
99459
4278
11324
79668
4755
93731
93159
78899
45857
57843
5345
11891
23699
81346
19668
5015
61878
13749
59766
53269
20505
92488
64931
72315
16431
68835
35682
53185
65740
5579
30637
88188
686
83830
58251
10645
78918
43899
86512
22061
61503
33798
83253
87166
22467
74298
75658
21787
17519
1716
28686
7001
70725
68504
75501
84680
18300
42692
88468
96833
83370
74020
75217
65337
51888
15789
54848
28976
36320
9809
30559
85140
72365
6345
39378
23292
3453
56146
88241
66398
94842
76884
60559
78387
52269
70025
39655
36105
21377
10061
34019
72936
73605
13269
8755
52932
33965
9784
96770
53061
89485
40398
23106
51966
39352
28723
24100
93267
31337
97451
5953
76936
45488
16909
28863
42878
21464
59722
17551
84183
94717
53465
13800
95062
61392
97324
17782
93981
271
42194
99805
33067
16298
32822
13390
34642
96660
69235
68451
68973
81423
23629
59225
23644
4497
91202
76421
49010
44139
29144
13750
43315
74853
27113
63372
14913
25582
4860
30210
68627
66423
80082
5280
44250
13710
78759
80098
94211
13649
60592
94809
45973
19719
7367
17072
19843
88074
82961
80224
82942
53386
66521
92635
18747
37747
84071
76863
13031
28712
35488
15022
75206
6564
56998
87709
99035
92150
97046
92187
15801
8679
76168
2072
2681
64029
56046
77293
61456
9881
20464
94436
73351
64878
84922
59505
73122
16038
92759
18224
77409
19563
77678
14664
4851
28385
68329
63554
72677
95017
38019
56287
79406
59554
14443
37094
40027
58552
35951
14249
7738
19090
9065
67972
27182
7831
59691
51935
62519
67700
13726
14529
31145
73022
86773
23949
28541
89437
41849
481
54452
57532
97256
52807
43916
62790
49668
72608
22219
37899
40621
40891
77719
93741
83344
30069
58922
63694
35148
17723
94105
19813
2897
35317
16530
77012
80163
11695
88254
10285
52080
18189
48319
41748
14756
87215
34091
23347
90726
48739
16921
14185
1991
96885
14394
35986
27021
10307
44922
84332
78913
73631
98654
70652
95319
88678
48448
78745
80052
81471
60545
33933
19526
57365
73953
95348
78160
44614
4398
28071
9461
27047
14302
32672
3683
94976
95293
70851
72478
32958
62222
66848
72531
77902
7968
75012
80079
45563
63128
34273
22803
26141
41571
13954
30460
58185
93879
22980
97719
61731
3593
55002
19200
74330
68242
32820
21103
20644
27766
20941
74678
25204
19734
1772
1213
63177
66620
55713
84356
5612
83691
60295
87320
60361
91657
83971
84047
20578
74000
33697
31130
6590
11768
34267
51656
83477
65186
34404
91427
62497
94125
53707
95306
88915
12745
85512
72547
58506
55404
85857
83867
76089
46522
71210
99734
11345
42450
99280
83025
99844
29676
7994
42515
23665
24512
74067
14847
63279
43358
8505
22195
45811
89523
35796
96714
75238
99349
71257
80374
55389
93506
98414
22756
16559
55775
4360
51174
57198
16650
2691
1588
43120
92828
28298
56153
43359
28810
995
71323
17451
84694
18538
58002
79635
77665
39466
78132
47326
1721
60350
7023
96303
84794
92629
57277
19519
34464
46636
20845
74176
80133
75647
9411
37162
79511
3006
79074
62661
70494
4199
32672
92138
98846
38046
26985
26002
45539
69747
73020
64421
66623
65335
75598
47099
4956
53266
35435
54807
20386
20788
30375
4237
45176
46856
7237
85756
52716
34508
85076
21194
498
23025
73833
46662
28476
50170
446
63827
10783
61184
24840
88472
32854
74528
10190
24005
41878
18215
61881
40242
9536
49559
37768
36295
91031
14950
56814
66302
72560
67684
6651
37162
49475
28984
94515
84657
63345
10474
94998
73165
24400
55423
32757
7576
50909
6336
58286
98563
10526
44393
28446
83019
7902
94414
16371
20483
18797
81355
4383
8049
62470
23927
37512
31544
66110
92753
11157
20195
81900
25618
34655
47520
3937
1962
83010
77185
44807
34229
91297
91286
87502
64679
57674
98439
68652
87797
46142
62442
10473
6558
10733
90014
5725
63327
83047
22325
40094
97116
76523
25335
6151
99560
62446
70170
69478
87219
17347
75563
59427
26474
44203
4987
39157
69376
92838
3403
62250
51191
7963
5783
46749
43925
82603
30893
7118
23771
4683
64562
74497
59469
19689
53949
22846
77047
77
32728
50509
16367
4825
25448
34201
95180
95881
63749
31467
82223
59944
71536
3757
75617
33836
61668
66539
76926
53159
71486
37358
2257
69680
93587
79443
58988
17438
15401
72910
86425
27653
89565
48502
25459
89916
35654
14207
9801
70615
63705
65894
24673
97232
15629
91019
40446
81516
47743
90664
81837
44445
69754
24253
72528
31141
39094
67937
61538
77909
5210
89616
12955
2588
73294
70687
41362
26482
46596
85997
28743
83886
55334
7818
5084
59507
10394
91209
40485
68379
82026
41402
80691
22927
63002
32221
17419
89066
97947
81133
41162
34751
37206
35220
73631
80176
22184
67527
21636
52566
55976
9087
91414
14972
45702
12961
81627
77501
67061
82501
1623
35744
43151
58947
2300
19210
69662
2801
58574
32606
58731
56406
10003
83922
39533
82458
46379
79491
65446
58760
3219
52706
40827
36313
53579
31042
507
51688
29974
26003
83130
5882
37580
44132
73924
68541
97275
82255
38198
86222
51713
9514
86017
70160
26972
19429
13526
51893
93003
42791
38270
24501
64590
8684
59463
17209
17419
16942
18318
3552
25200
12159
95150
81708
20454
32156
10150
46030
33746
43161
3714
25426
24210
30858
46114
84970
88563
21400
20115
3143
80834
20966
31925
31415
29295
81057
15945
2964
46403
36163
54517
33413
68419
98919
64111
33933
22650
40076
88081
1507
5881
49615
82593
69160
63303
71450
59747
7868
26598
14290
61913
78068
4158
32988
3667
44514
55566
66325
9572
66379
71879
91678
3133
37514
97107
60115
63262
67635
76256
38155
47510
86013
12080
80213
70719
66074
13254
91845
90506
26857
59154
95535
1085
52288
48018
38006
74153
91874
46644
381
72509
67283
53048
50458
55769
64290
28513
17288
66943
6096
93272
11542
9941
44199
38101
11474
74224
24933
97958
8321
92484
25399
43198
87775
99519
22337
38364
80475
82310
49570
41557
31216
53957
83068
49228
26525
83889
76742
33652
13600
50261
26704
25652
61192
19541
57474
53108
48705
14771
73803
802
49719
2595
23574
54225
25721
86610
14818
83400
97531
27986
27193
15767
87164
64512
48742
59787
66999
41506
28609
66236
1103
78837
52154
93122
28767
67421
12304
86973
38515
42598
72347
13350
45738
48822
3143
78542
29607
64139
12325
45055
67008
585
63240
88755
97164
51648
44387
21996
75814
20339
91370
66204
2929
45622
77684
66695
38050
96287
70273
46162
53882
68449
69383
64202
31820
96100
93945
85409
95693
58086
33875
88821
96479
98363
62672
1581
32264
92369
85994
71523
33756
50899
27464
29862
11188
38542
34698
74535
29187
85525
38554
56712
83075
94342
55536
3447
4000
99135
25363
20920
35600
526
23251
54043
59975
82675
94680
19567
4685
40184
71579
8675
63173
4881
29604
38593
37126
71499
40210
77536
6480
70460
94181
19160
92186
293
26070
36774
44484
41561
28685
21923
82224
35036
25043
73061
48593
38949
1789
77022
53733
52654
9082
69958
32398
23712
75133
5164
81643
72567
73235
32594
51189
28797
48551
14108
57517
89853
45868
29174
18934
75191
70634
58121
54257
34158
61302
73682
52737
93992
91503
56747
484
78936
26325
91793
34847
50659
34584
13235
91471
92193
58282
54024
56913
98972
61908
84693
64424
38101
93447
68789
11208
64887
33923
99657
2995
39892
95466
13072
24450
5954
90246
67865
62242
84700
10421
56855
36646
47616
25773
5702
25002
21592
63874
4492
52987
60838
93582
6391
11471
58284
92917
51070
61064
86957
91519
84024
29240
11523
94415
44853
1625
99988
62339
72506
82922
14739
60613
25576
49145
46568
36947
88735
69227
76157
30307
12037
3358
14259
26776
30073
8402
83904
18179
42332
2130
48301
7389
60164
72192
92188
49588
48167
96955
98230
17755
33855
10428
34848
38900
35243
94362
79633
9163
97382
18412
97149
79035
7209
9073
81300
28961
87486
76473
33484
65787
63648
70145
3099
28687
87888
90015
50971
54832
56607
51069
21788
32854
64138
58024
3657
13426
81214
92616
68873
38491
10832
41948
50325
74723
76772
83173
36441
41459
94889
81687
7356
90842
83874
22921
60254
5303
69030
25789
26103
91448
71744
41805
90587
62735
34293
28452
74789
33186
97042
9293
32046
72637
2074
61707
65127
71395
46095
46680
49946
13552
64695
66009
94664
22975
75552
29442
70051
38868
19300
36903
83920
78744
49732
9098
58915
6173
95112
32946
83622
52091
81979
73991
21656
47471
61837
70374
29017
1277
588
79554
39566
18755
4867
59018
63410
6402
15410
66977
85429
48644
25993
10106
26215
97954
79522
33419
94879
54089
58868
41488
79881
91877
49081
56674
22249
33375
40412
63427
17148
24612
24810
5951
11839
42113
77037
5407
87467
2952
103
89198
17404
28197
20457
98555
89706
71181
30393
94775
25721
61196
55662
29699
81970
27187
93905
46833
19839
12841
3535
64866
60333
33861
59265
83831
37486
79715
27290
46258
54301
6663
20020
61899
55493
99876
14696
30282
22748
2265
5461
29053
70770
47033
77524
51240
59509
70913
20027
12156
63223
76603
78711
56792
26284
38243
3001
9516
97877
91374
89523
2284
91946
12440
17625
57338
44523
14207
66799
17026
84575
1339
21709
45460
7868
73315
57127
60501
59484
9175
20894
71259
59924
22952
26744
76825
13816
1742
34003
31701
75884
85171
95200
51845
65728
12075
1634
85147
84707
54782
67344
24518
28394
40689
94391
1960
21326
67460
12790
28140
69193
34423
46510
72438
93386
74329
91409
30428
54552
70039
86485
69488
95759
52792
10420
66781
99975
39052
1085
56114
82800
17045
49211
63327
91754
90200
53503
61140
39603
88678
13602
28431
19342
67503
97295
9290
51265
36158
89527
89189
47769
66834
74902
91786
93341
39728
89149
10265
39752
70238
35371
63141
9224
48621
49103
49905
38615
84629
58609
60031
44892
84804
47288
38180
27805
15621
73074
89335
66221
48789
8750
49055
98099
43573
2006
65273
89461
23202
90882
84115
30880
34604
4800
47500
57750
60649
51636
53130
88471
41014
36030
98162
75610
61641
74988
17753
77406
19813
72965
59114
11005
88884
55288
64995
57237
72699
50867
66895
99708
95558
68064
61201
35595
16502
87948
38009
19251
92626
57795
72430
20849
8288
71502
95439
12486
16499
89694
80193
32770
13657
5780
11137
89640
68018
97401
87913
99463
71009
2327
82717
32532
895
52711
66393
35593
62914
58209
61981
55005
87397
51765
16072
68306
27919
79852
43244
83284
30604
13777
92877
39604
82774
63391
22225
60167
50567
16824
33200
31894
201
58443
37866
1288
85187
9311
48546
3070
83308
46292
64984
29000
12833
45358
56605
26221
11992
26271
60708
36289
80948
61323
76656
93225
93066
20321
1736
34266
8963
5373
14599
64199
27748
3554
40442
60500
39491
56396
93595
59040
4151
9121
16691
15241
61629
41474
86123
20780
82682
88224
12177
24167
41763
88250
76068
64585
53358
65456
47477
36620
33488
11845
33099
27216
54948
76149
87717
52701
73244
37021
11640
92018
90358
8985
68815
20858
74614
47376
77586
90812
99260
83024
6785
60261
64965
72485
88879
50694
45010
63975
30963
58528
72537
33133
7443
3709
22375
15763
89165
30892
16512
43111
77209
44665
86019
17579
39691
17267
44062
95639
47676
91720
19912
86147
48670
80867
70395
17145
47517
50246
85657
44610
21246
35471
87197
95858
19979
79556
11061
36327
22408
62074
96703
88119
71577
63066
19436
81692
53938
26165
50777
44388
63826
66122
15551
87671
43645
30800
49308
91175
24590
82327
60269
64998
21738
13627
36787
25321
59237
31252
77718
20441
20855
21169
98394
49598
4542
6304
64212
71905
98529
49627
15021
27658
51960
34934
77822
60619
73164
51879
11021
99872
94737
76515
73571
16152
76759
601
92042
17434
31462
19102
15754
63502
23355
99532
93114
50053
17376
66372
25903
3673
30995
50810
29093
829
23942
33802
38961
5940
59756
24228
61078
88977
19701
92325
6144
39195
18240
33231
93018
8090
29346
59376
37816
26902
2002
77991
29399
29327
52812
37615
24396
39501
53280
92031
21337
67916
12763
7236
94666
73471
78331
41851
26991
9405
91442
19579
50049
36613
50913
52479
93834
74419
8727
55889
95238
79857
27690
33474
24821
98726
18969
5741
86971
38967
66722
9708
81945
15864
86710
4040
8357
48801
93214
629
34123
43851
51434
58279
65480
5625
1573
69369
58423
79841
77766
67069
7313
45254
78982
63027
59107
71245
83256
17479
70901
44816
80593
35677
33140
20087
10467
1926
73104
49512
16389
99909
36756
27126
62571
59144
89231
56467
81372
26693
40863
18347
47524
67407
65326
576
91695
36602
89357
91112
2172
27833
17634
83912
14034
84838
70533
82776
93922
51093
19961
34150
86906
76473
46292
38117
37140
11850
53226
52028
1879
17852
93720
89102
59680
19438
60657
84975
88692
95095
36706
98565
23301
33875
80168
3428
85772
86581
10420
67876
87985
84682
75859
31827
29569
81979
48631
52910
26254
22684
84784
66460
45503
22746
42335
47673
7132
54853
37133
99132
2848
66184
74353
9027
49243
47985
72173
28640
84978
64510
22623
4522
65974
64078
58551
61716
69263
51590
79773
36255
92785
98735
45041
84019
79693
12072
37967
13757
10459
50212
50980
57401
53197
25271
21676
22180
54358
82550
13664
98465
29173
8264
43436
79950
23285
93756
64426
55972
64647
19702
5648
9966
8312
47352
85030
85537
4838
2439
69923
14981
47301
57246
31535
57212
73659
58335
39013
9574
41494
41181
60908
35378
80620
40773
22764
56122
54131
28260
78867
94506
61478
80918
45719
32727
47893
76565
67752
93633
40227
42117
18106
90208
72960
45880
94464
93909
46626
30493
65504
93024
33929
49336
21720
35447
13894
42258
22480
10221
125
20302
83707
59267
32216
67242
53720
99467
24438
78330
65897
91144
57326
1872
63577
19337
24538
91333
66451
82520
16928
16278
66672
6048
30941
1861
49699
32604
21340
88873
37783
47043
68582
12119
48078
47578
73280
55310
67815
48282
90351
52027
12809
29595
81018
5620
15262
14695
51888
25298
1717
55750
22965
87243
42468
77117
52747
45985
77936
16557
7330
23502
99301
9446
68116
80849
21623
76627
20926
89860
34280
66059
63503
90756
74648
57493
56923
45134
49856
22567
59238
98653
28207
22592
72781
40570
79253
63351
37188
74976
94786
28725
95787
42059
10990
55287
84191
35458
46776
93740
3962
172
61791
25709
53443
18019
25120
36407
17319
94171
41816
68179
72328
72350
42784
749
51819
40686
63883
5741
78761
52599
91686
6032
10151
17805
40583
15638
43902
43756
6053
93121
51551
21140
19854
31275
73853
72924
11772
1464
38370
33463
41719
10459
74849
35621
24247
62612
31699
22104
32214
22971
76200
66759
26135
87877
82757
90453
34065
98649
45828
86139
95322
33802
84410
98208
5971
58459
45441
68417
61328
34811
58492
26021
68126
70489
6524
80340
86104
17068
42350
7985
58830
34782
15965
15310
43390
85154
17880
2514
86882
8061
92202
60047
32113
1920
30251
44214
52312
52651
71055
17499
27873
13260
1272
74064
43664
15759
2041
944
40325
68793
23155
76940
77780
12227
28267
37258
96516
40242
44742
63612
25537
52362
7806
21011
93982
17751
24399
48201
32360
60895
36857
91407
80177
91486
22065
99959
51284
72963
96588
37969
37463
53409
51132
92147
11973
83362
66801
75286
21944
70328
26208
56544
16464
81683
48469
172
55800
34757
4732
9109
71562
87976
89651
83342
93619
83626
92326
5257
91427
53559
1269
39983
65737
51575
85486
62846
33183
40030
44149
60136
81993
70402
16422
42516
63797
83757
82999
16073
67891
75272
76651
49956
31562
38074
3159
93199
50230
78324
59143