27475
86596
33962
86948
69064
83690
75178
65296
19532
57060
41578
30619
44438
44205
34495
80877
56540
69228
89234
72255
29473
91337
11
73566
90123
62782
17357
53933
10927
26471
52562
35879
82767
94119
47571
38193
37331
79992
3639
23273
10988
93681
27728
14944
62564
9567
56302
16005
30973
47239
61429
79138
31072
37638
31959
824
17420
58831
76070
90160
17897
66747
90454
57169
79578
23014
17379
90475
1746
27101
18700
43014
88044
64864
69845
79589
41229
82004
43205
41769
93828
78004
9787
73889
96644
10427
18011
38754
22640
37872
28272
71404
92463
9387
97228
3140
85827
15329
17851
23224
44482
30414
3201
25795
7587
20261
13847
31388
83365
948
49998
26543
81714
36599
87191
16407
87438
16284
34359
23916
15688
90721
27002
25053
58125
6152
88059
95502
42412
34697
70587
66510
36805
83564
17713
14907
4818
84024
39670
18812
98751
41288
6907
63029
38971
71740
40321
18383
38500
12834
76234
21386
10669
90010
80413
95408
21293
98652
13915
14651
37300
98062
52506
12756
81458
17720
57776
69833
23278
17065
58641
46873
92346
5472
44947
52508
73014
47867
15834
4103
63134
78351
7603
99327
5683
33273
79238
3195
68855
83838
84425
18454
75232
89324
34175
38153
94529
98472
17100
96539
26542
69910
78408
8857
13977
86746
79389
88887
71968
86031
60711
10307
78864
73086
6722
12690
39332
1931
52262
72226
27560
39805
63001
24650
57077
35620
7223
64108
58737
44087
71442
91064
45469
13224
96436
36735
74795
69289
74985
70372
53777
16322
68780
7852
10096
27216
66847
67697
31898
40153
14957
42521
40653
3652
10286
18823
22350
30161
90860
20827
96145
90491
75330
6707
93305
92959
24902
50091
88769
70592
70158
16296
91915
49563
73452
28431
90125
6961
79492
10971
93105
59662
21361
51930
18513
81918
29064
95577
83079
89453
29777
16178
76631
64200
88169
38870
93566
56983
91421
297
71062
7452
74731
361
40839
44842
68168
98777
65210
67293
88872
38087
65244
27138
82293
48653
25455
31637
73766
35798
51283
79300
92269
75379
45905
63575
57112
14643
86174
88662
91056
93095
53534
36786
51493
31482
24700
76347
21145
43701
26466
65557
15434
92090
3280
49054
12699
48440
43831
86703
92592
17002
21256
92947
55354
81219
53060
30199
91768
9790
55549
59250
5085
26716
34696
79560
91876
99513
75053
21679
5748
30688
92401
90084
32433
85305
41810
30917
97318
79425
74019
75263
94277
28810
39262
79933
82947
72254
63664
6364
7104
94526
28489
78629
13116
25961
15562
71443
9879
82650
48901
55512
59757
66446
82866
17644
66347
560
53385
47084
45437
69469
87148
77495
28335
499
65092
65065
54985
51148
65623
4186
85560
79509
69288
91820
45819
22334
73554
41667
39415
11591
29353
21580
76115
75388
57921
27397
58196
37404
24556
16788
71790
87986
71573
71229
95405
64433
84672
6471
6052
77286
56035
8011
32756
27728
92515
97865
52096
79510
75172
16900
1619
31617
36835
9780
63813
47181
20170
83924
5584
6056
48353
48012
79156
2702
25879
59019
91889
38965
4052
78521
25416
73640
9560
56395
57119
6640
5037
91144
38051
34314
62862
53742
49034
50515
79767
51740
43797
74411
8840
77060
85864
59248
41371
170
60041
16985
74475
8172
28865
6061
2320
16818
26305
56645
91881
65458
66383
19090
8418
46831
72618
13753
36360
28226
82010
30717
97412
7407
94812
98868
28882
35675
51078
89766
76859
23063
87878
59573
9974
53470
66245
9266
95715
89298
88163
35895
97726
81905
82795
37888
74960
30949
95970
45797
28969
14745
90311
90616
3073
34519
83942
93570
62384
88926
75397
45685
33429
79363
49562
9013
22404
22413
31832
52220
78872
71134
96400
67332
61861
81962
11236
8936
23469
43277
27847
30312
75162
51820
82786
60052
19794
6992
30697
1570
32419
83559
88097
6019
5608
40386
74216
19263
83825
50904
83797
48988
74599
33703
82052
62396
37541
97896
43628
88017
75867
62324
40782
49731
28168
11981
89282
14321
53136
42020
85845
29631
7246
43438
30487
69158
54726
41879
64757
14896
47513
14109
72091
52033
45094
28514
10571
5421
48531
18370
83634
67519
72901
80356
84657
5301
40671
54790
5569
94556
96394
78750
46910
15674
8793
82082
17023
5506
31898
63657
780
74718
87275
79547
38546
20202
24414
4275
17091
14344
93188
40107
86869
89324
68988
65967
15584
42512
95408
40435
84461
326
892
40517
38014
66891
49389
67909
8450
78618
41717
42895
43004
65514
39331
68996
73761
43595
15037
20888
71272
62199
45954
48027
10550
20295
81861
87454
39380
54665
18992
20763
61418
33075
74331
44962
5010
94263
26216
16865
12736
15064
26335
5859
62493
81345
65
36251
69558
57634
92466
11046
22283
50131
74856
31865
34711
9071
14425
65698
66369
38773
99905
12172
53249
564
36434
7953
97989
80383
67593
71994
81562
29196
91579
28895
55941
43669
36637
17333
57386
64905
22745
3879
67010
74743
38554
26915
20851
68299
93852
12009
6928
12428
66988
67517
78669
79325
63294
64035
7276
32069
42925
74215
94056
44790
71206
12091
38483
62072
27880
33916
24431
57237
85872
2510
88564
53983
93645
97375
4419
16693
79882
52828
3994
34783
68626
94500
60307
6045
65841
69966
77346
89885
84838
38199
6361
27759
84658
96633
50599
26878
95314
10240
36782
88387
97355
93339
85128
79316
63508
41182
54961
27589
3807
90538
53763
94094
55138
43915
55200
95981
43347
32136
52874
138
98314
37881
62764
72354
20636
95384
93099
63789
82093
86613
72284
43163
4535
12574
55269
9628
92192
5142
83311
36256
45060
17067
50829
70977
82752
54271
11928
57808
41307
41658
4848
95632
23965
82042
69943
98531
57298
61744
19260
34027
93005
21705
66356
97786
70553
48788
75680
1599
46228
60864
40945
44845
14775
2371
92694
78369
44092
2997
52264
48
84467
31391
69092
60268
53106
64908
50605
1563
81215
22309
78662
13744
45333
99930
87730
90606
25175
67123
66976
91532
12131
7632
8504
11176
89192
61455
44491
355
10909
39703
20653
43715
59390
35198
79224
362
359
54075
60610
35558
86059
7356
98323
64401
10704
56665
52548
94031
75575
82172
93270
60692
85500
46411
4232
71477
50545
31659
27514
29072
99026
8131
28522
96508
63883
82347
61809
49416
5376
35477
68261
87854
19541
34093
6133
2828
34016
34165
64614
24562
35705
51583
41542
64169
93309
6985
66320
25153
55024
97392
59314
19453
53735
92044
94906
49693
15020
16255
98177
55015
88625
72169
9353
42466
79503
83144
45695
67227
99540
79849
38845
40275
68628
90747
18179
19086
49814
51534
10328
40982
33496
10904
8874
62851
3288
53420
47788
9721
34512
56231
36046
52385
32830
6399
79511
35765
5160
94443
92512
22529
76049
53889
29571
44352
92595
75427
86010
47747
34614
36876
20469
41877
60586
34648
55635
53725
78129
33940
93190
82702
22554
97062
78843
41794
49768
90767
7243
57727
7299
75582
18931
35111
48682
94521
98476
76494
93461
46258
36381
13070
63830
20476
10696
43741
12543
96402
61702
98896
14254
70133
37022
74036
87792
93568
6287
35811
39942
53644
10939
42785
38414
41975
6022
40591
20296
77908
99707
98132
76447
28880
5610
38669
8103
55036
71867
97963
61747
601
77950
50093
75425
35936
39726
32150
38119
45592
57827
93315
48795
56321
81317
49427
39095
36567
33067
63282
71514
49130
21852
31157
10829
99341
99556
45474
79563
13453
20254
87628
25689
40583
30557
1562
54421
916
78593
13942
97792
16266
47603
66495
65445
39110
73883
36001
64504
10992
624
93473
24102
93944
82810
27647
8097
69018
28345
51384
17149
61385
69783
95975
17920
83849
72265
43747
1819
11849
45201
80514
77832
46332
45845
90874
43542
88134
89966
79030
10696
12849
91359
18801
43530
20977
73415
51362
80776
5372
53066
42708
19552
90943
11176
62356
55819
66168
3104
48811
18999
87200
85719
43507
2196
49118
81370
24408
13623
37942
90657
35285
31435
98859
38156
221
29524
23451
77509
9681
72760
99326
30731
31170
14732
22355
26522
10165
96307
10879
91217
25814
65140
11977
36591
37330
8652
73946
68963
75827
50893
32737
75665
12940
3871
5517
4103
27261
53031
38275
8565
91507
84238
89201
4091
15925
91742
23403
10846
20427
79639
60178
13860
75632
17866
35376
12378
34110
69868
45478
81934
34492
26955
97765
88386
1864
59155
27879
79593
49748
29282
94054
93703
62637
39390
52215
23799
71182
4000
13060
50074
47207
31896
9574
27579
95305
26255
72527
52722
33976
99546
43654
23018
68393
43868
13520
22145
49428
97217
34359
70025
57659
22577
54856
21066
3066
45332
33199
64126
67749
75825
50360
37382
82899
246
89145
80627
43026
4668
83530
34513
66276
50981
28754
13478
44428
43691
27150
29189
58785
55286
13869
55224
26228
28947
40066
95029
54539
57803
87617
53281
95002
65875
18544
60699
88937
58861
44419
51906
70457
27128
52113
5079
75639
11272
612
43748
20568
26282
9518
74439
12262
3084
18315
85120
43562
51282
2205
19246
90997
83725
88621
65077
69796
25764
10242
64216
2106
11808
21048
18345
10617
13195
50170
55869
11265
98255
32661
43924
51588
24513
11502
70167
39378
13429
77908
48684
17547
86796
67710
2166
2857
19559
19386
69112
2563
31059
31880
45918
26481
43977
30463
4046
23732
93848
62116
49124
11319
50131
42110
50816
88477
79004
57062
66862
59463
71212
94620
60053
93225
21997
91813
52568
14421
24893
27971
50570
43091
10362
32834
64876
76013
48639
61142
42134
19147
10860
37167
32399
89680
46527
53886
2348
84392
37639
34473
11993
94033
18174
28303
17233
85863
43044
91681
8
24083
5627
33941
19781
92200
77425
51419
14631
53528
71772
72895
57396
39507
3954
49985
38247
613
1837
4516
93497
24808
10493
33498
52237
5080
25723
61738
81078
4788
36885
9872
93905
73666
38848
62255
91848
3801
50382
42034
1881
69837
76678
23030
39450
32996
25108
14569
15291
74997
14025
18692
7806
18068
67046
61649
71652
74891
63839
37282
57183
10936
28714
20375
24046
70285
42928
80807
96588
36580
16794
99219
51864
77659
75982
75821
4473
41572
71071
58479
21043
66170
21224
69955
51863
24876
36269
76000
34445
57301
38283
29707
94904
76350
29793
1804
48593
79959
15500
71064
51356
29618
53756
20057
34413
92702
99447
66859
787
88311
31947
79263
13643
51259
20764
39457
43402
40570
82038
84998
80736
30729
90926
57238
46425
28766
2008
75695
93522
16437
22874
72946
33221
65296
60539
94527
53694
53947
33128
93305
1808
6436
29357
45537
5222
19248
14907
16961
85657
41871
4214
6440
61422
96635
94090
8779
11192
47160
73724
17992
93759
66262
94397
76658
32107
61714
27119
95958
81687
71070
61606
27013
18207
55594
17001
87872
14701
46845
74317
49948
5743
44981
37871
33996
84649
32795
50278
71654
26148
34970
55891
1325
51511
22959
87919
33466
57363
34165
93315
59432
39005
88895
41131
55795
7314
83776
21734
84389
29606
1059
96393
24531
54521
30120
16295
77924
40984
7522
25744
91409
11923
8223
65493
62102
37040
42688
32259
15577
45135
45798
64621
92886
85966
29602
31196
88610
18997
69828
38464
75128
61552
48004
78012
66778
487
95193
58628
21289
52805
32316
51209
41799
11861
2167
28843
6303
82620
68849
17755
65123
42742
18461
46181
91799
38043
66230
23533
44575
47815
89433
25573
21908
15908
45147
54887
29733
62278
32982
33358
89219
81797
28897
26916
38775
30569
89308
97738
29614
10958
85972
11851
76469
41142
86508
67892
65778
49113
2662
58431
84315
97441
562
2761
80108
42106
98249
79910
61375
95963
38164
70733
36024
12607
97910
88905
60665
95003
24893
59070
63849
45327
257
40347
66889
18589
8410
80238
12657
91425
51657
49026
74197
40417
38735
37900
20625
23237
30660
36467
21389
19810
34371
95579
73780
34639
77327
70212
69287
89533
11852
6065
48418
19566
2527
55610
41595
9687
83778
48941
26415
95259
98984
87319
49831
4805
2522
8388
94943
42652
72176
44037
51263
99997
82943
99516
5636
21137
53358
19864
56275
41218
78242
62184
60423
85557
17053
7195
5944
20416
20858
9548
49363
3852
4804
81158
95134
60186
63649
25060
81388
27732
29894
67621
1631
14646
76316
62537
58125
89997
88135
88459
39491
21972
36437
54790
98812
63702
23775
55491
12639
96963
65989
76811
23164
77493
18097
92482
24802
40242
2785
60397
59116
68042
43032
78232
95692
28616
36104
60271
97222
30928
28407
37869
36241
57092
90354
43829
3966
3421
79130
78693
20092
7602
53122
50628
92809
31650
40248
76085
75257
35630
60371
30410
51320
16670
40547
31893
8125
34707
44550
76688
78939
77392
12815
90289
24842
16654
63400
42074
25318
27088
95893
15419
93203
88165
3835
96591
91384
89957
21645
88336
59978
64350
10081
15500
80635
59195
88049
16125
53857
14335
72350
66996
52051
37698
57689
34171
70465
49162
14677
63768
12572
63858
40105
23424
19301
60413
89284
99721
14564
17295
83821
57863
59284
23598
36666
10119
9908
75923
92306
71747
62878
4935
17678
3158
70635
51131
16797
71516
70123
37244
66094
44515
67584
16840
83699
5790
43312
29468
88990
74789
76072
3183
71540
87680
66316
10986
47073
16277
84227
38436
64869
24225
67034
80577
80634
13476
22674
33030
94263
11155
79215
59172
77094
12320
82853
15781
57899
85130
22342
64009
82120
21514
40773
80765
27659
13855
37837
27290
76109
92786
30170
63304
54652
79237
79651
96388
71961
26542
97242
78026
17300
24765
98125
68851
73094
98865
76463
78203
61247
89242
32593
16597
60559
90307
36806
79746
42305
24044
1576
80593
13290
99208
41264
70503
58929
88577
89865
45229
39528
96769
46719
71783
59920
25851
74964
2730
8569
36349
22590
91854
62931
77079
24232
90626
61915
37004
84909
91159
99813
31318
37322
39020
49583
96660
65182
82244
81924
13226
29528
26557
38406
59838
42120
74203
57986
76169
42820
93728
54372
40168
32334
85620
77611
92626
16136
33250
34825
64070
64134
27781
14296
51359
98219
93462
99936
38569
66142
6591
63312
31304
89107
94458
72956
38250
3520
29794
81037
13700
61038
56431
79311
75006
83481
28755
89780
85925
72617
9408
46758
31212
43457
85776
28427
14422
92844
89183
95185
15076
92851
74119
30581
82217
47447
51649
98743
36237
4905
82310
81530
23111
96787
39059
66684
56500
93516
31852
8543
17706
65601
73526
12804
18228
74444
63605
54185
71032
84690
33015
15578
40282
50026
5656
2925
9051
60423
12456
59408
93994
74197
99312
80681
47627
5903
94419
21970
75345
36573
33320
84065
36387
63403
46288
68033
41036
23345
23209
49407
41145
4609
99431
65880
995
13439
83791
83346
1831
96246
64263
73155
20758
30347
55409
20501
98257
93309
58193
52698
25205
47224
58898
81714
27383
8780
19351
13314
63194
75651
21070
33927
7478
64931
36055
59884
28626
88670
10286
16922
56626
31690
79573
97940
2036
95350
74160
82356
4164
66752
93071
77349
5912
23742
40964
37639
10483
91711
25102
14429
17493
9782
37909
34743
75784
49227
3921
69994
31784
47410
45503
71828
98340
21861
34856
30113
87772
2590
61031
52104
38990
65965
86231
20081
64279
3433
61573
55878
74025
89210
68643
81782
24082
54067
21002
13410
35334
2616
42799
28950
94013
16210
72027
67214
11890
74750
81866
11274
86647
98420
196
89259
71424
56225
13368
96031
98554
27386
70529
39594
50546
61138
8360
74376
50345
50635
78236
43694
94861
13669
99910
81517
42227
83763
89891
52936
87848
80863
58684
6639
15110
38573
26120
21359
57557
72562
91314
10095
30298
90477
41159
81493
84744
33645
8989
66688
88639
94636
68168
17473
49930
8697
98394
58387
24110
70919
24363
11794
77134
72180
17076
54033
76199
56610
84005
72511
19743
53505
77821
65459
27004
322
74731
84160
31
37437
85552
38372
57232
98405
52222
81534
13563
12333
28398
32735
86749
18977
34035
67988
86967
61625
97431
84572
15561
69104
9416
68545
48076
70108
92986
2156
34587
10796
50795
43963
29335
93724
30099
53516
49731
49820
22208
36080
78463
63985
92577
68250
58183
15533
62730
61947
16640
97709
46885
75335
72317
29462
64746
3049
10783
8546
37716
23682
76895
24416
80371
32492
66153
75747
17952
14005
84352
99368
77868
25041
38210
34065
99621
43310
53323
44881
80177
6963
16944
42676
99257
1817
87888
88080
8315
43119
62543
31470
37453
69533
11012
31299
2430
93910
61514
43149
76175
53750
80246
65316
75350
22321
93826
84574
19850
40206
42711
52462
61639
23245
39595
4729
93731
51764
69840
80533
6634
25032
4035
65144
18542
69709
24510
20216
3181
55136
52946
45654
7988
33702
93060
70625
37379
66782
5147
27329
77120
22393
30756
65816
82055
2559
35474
2647
90599
97734
59001
80822
71413
96349
88832
35996
95525
89036
68109
85366
35348
29208
88540
30617
82280
57579
88633
41967
25158
46722
20829
17979
64539
51661
5828
55351
97853
61127
52371
66203
91162
32326
64448
81356
83181
23333
42151
62165
57463
70975
34596
48785
42571
35215
77684
38416
27720
3756
69771
30406
97797
96720
92148
54881
6473
94044
96781
50747
67437
21792
80443
70633
97366
46252
23772
59594
64768
35386
11921
24999
97256
56721
56545
82054
79312
44448
7474
86979
1031
4386
76632
95540
6358
4259
13688
83880
55294
83086
83341
26403
13131
51624
57353
55100
12631
99553
5172
78169
89979
76912
74232
67527
53710
26424
57519
17104
88599
83393
49741
65718
15247
93531
80968
66982
90318
30135
63529
66129
25065
3237
74630
43401
90375
37721
79039
16899
78789
5676
63714
69953
26499
9789
84653
52923
96585
82239
82100
13980
22123
22713
55696
89226
49611
89576
91523
27810
25891
23791
63618
97808
72847
97679
53800
89381
64351
2125
10747
93007
16619
90170
8486
6707
24019
39583
90054
74867
93651
344
80468
54257
39139
82269
33625
72278
45249
76637
85493
81238
31940
45008
88734
24382
80962
5348
54899
39899
40833
64400
55498
20589
58204
95548
79342
54342
47493
30278
62527
72804
60398
26707
24298
52788
63069
33699
13982
62967
83132
6270
34548
68203
63488
81795
38241
62498
62680
85734
19308
70218
61386
87737
66675
2056
16349
66629
93554
48631
57537
89166
27268
11874
84149
5380
67182
57940
37017
87410
60346
54453
14771
51058
81160
26652
37952
75753
85677
55067
33818
94578
73982
85613
61842
43049
11047
87791
90392
39623
60998
17071
88217
33743
85454
49643
11222
870
67997
99333
28379
78172
79434
29585
63304
12253
42622
79630
98799
89481
18048
65773
50192
71959
40319
85101
17911
37170
6142
42462
99019
13404
54716
92687
59627
96874
69297
71271
57568
82161
9248
39458
34776
82034
23361
69541
18341
66465
21545
12655
90459
72673
27696
31737
30076
26017
9386
6558
79948
24903
37612
85099
20190
10833
61595
35258
61197
40530
24776
90720
86106
14788
72228
83687
9584
20266
9977
276
74050
11644
61431
34608
97415
10636
73081
39183
78437
40681
79283
34744
53382
58359
60524
4496
36925
75044
28546
56812
30418
98311
33179
85077
25242
21784
67545
10910
81998
70460
44040
55993
57763
17436
53425
7343
11279
55866
82301
14064
14360
82850
51134
69714
44415
31425
74660
98839
1842
77696
93874
17686
75220
35816
54147
11983
13950
1491
84407
65021
19841
26827
39060
48586
34229
60844
99220
86282
10550
92214
82057
64809
50169
20347
37655
65681
840
9784
51314
81439
63218
30075
79882
40191
46841
88469
75925
91088
15135
1255
20656
45048
67479
46361
38454
41266
84268
5463
54164
45352
7282
32906
52631
76838
10419
31602
67130
83324
8174
4806
17333
85516
83330
74921
54169
49279
86037
1364
35187
5124
14014
13829
14288
12508
90815
61497
14935
57454
6339
32530
21614
45650
32523
99717
24018
82447
78526
962
59588
45354
91853
43992
35780
10824
44560
1378
89583
41614
70484
39819
25394
58157
42591
9655
81840
90450
84149
12812
14179
72697
94444
15332
32485
66627
7120
98524
52406
15844
10644
68939
57479
88643
53015
19070
61134
32080
36635
25715
69800
86094
90750
19221
32973
548
50335
87571
24365
72430
1945
19871
25834
68138
73473
63844
53239
82645
21263
39999
67413
13821
79857
21585
75915
27804
9477
41528
61727
9260
99214
25254
24046
40787
20525
62224
52324
65982
50780
90328
11623
5227
72996
86309
87908
70132
58935
45414
46902
87380
80640
44834
5241
91815
2905
62903
30457
65299
45371
22523
99634
29541
7290
39825
75117
712
45743
65549
87886
29290
73234
69537
93141
18649
80629
10383
83780
44744
72362
11070
93934
46158
80232
22995
94535
11500
37697
61375
53321
29511
3652
98784
22651
11291
5354
53534
98471
96088
67077
36104
3211
82357
12466
62981
63769
15955
16709
6614
76215
84313
3193
86254
45551
71654
45904
65990
54948
62777
33313
51727
61629
4000
98164
41002
54572
58920
99625
34371
56001
16208
5714
3059
39428
54528
72625
11611
67900
13896
11726
77771
13362
93314
80115
8992
366
78603
23526
32551
17661
37383
44114
57851
78845
16098
66756
77871
94744
90509
40974
2926
69757
84741
83860
42188
43453
72416
17521
33703
5568
67073
9421
76882
31091
61369
86511
33317
99056
55241
27868
98173
94753
81020
14611
51189
94313
92891
95757
19198
52539
23532
48038
37225
16521
21712
378
66575
12803
40722
94523
82000
10293
41794
37968
10786
12008
7897
92291
68941
55272
26630
50427
96334
9251
75999
21850
82353
78388
10268
79279
99653
16004
1419
23552
67744
69972
43826
32694
56434
73305
12043
29858
12993
33578
13179
10724
32233
25075
90895
22005
34890
44648
75972
18690
1423
56323
73500
21224
9843
31504
34133
68314
80761
37552
34290
24989
11219
48618
19775
67580
64532
45527
58968
75885
66863
15472
31620
36504
295
57338
94076
58736
57903
49705
90383
9117
16050
88506
5643
44542
4461
64745
87486
31262
75652
55403
85583
56653
70086
72257
74642
17839
3369
10995
46786
17556
77366
79387
31047
5980
68344
95788
92403
35520
19394
52104
78332
31894
72379
87392
10162
35045
40598
9782
6773
9280
5051
86701
21807
82489
76257
29649
88125
83997
56263
1490
55485
73700
82959
24029
82823
65744
54730
85366
27248
5507
75302
9939
11564
93524
79368
57389
44813
54491
79425
53296
7784
41327
70014
4125
1685
99566
92389
9450
95619
44446
5568
45577
94921
53381
4380
56719
68242
64903
89674
66070
84596
39660
71393
2897
29350
8150
19914
53636
37855
58244
58892
51916
82850
324
39130
93637
67122
32250
25535
61187
63133
8347
51200
47341
50441
8070
57258
91160
60863
63274
33450
31246
18186
22224
37713
26154
91702
51018
47823
10351
40634
9591
38682
52280
30038
73404
5020
55317
80279
11490
49438
45208
87707
72565
23207
43144
28873
7173
7957
21538
76831
64371
48467
93530
85195
53018
49473
2713
86472
15559
68390
87246
11791
30694
25851
8837
39590
92312
29752
57510
10189
51512
19095
43801
47084
24678
65767
85514
61397
54082
44710
89605
66302
52175
57843
94729
62393
9716
48143
91005
19387
43024
36722
59021
22757
68535
10020
20408
56514
67141
16153
95264
26595
20726
65772
97762
55598
47301
93706
43759
20148
41627
69862
7648
93512
88963
73680
73883
31013
85040
18078
53528
75598
81071
84607
8437
54528
54249
82036
64601
57828
64345
71592
64224
65854
11668
5165
9098
95279
12340
6395
90186
20690
99511
37874
39670
33298
66363
93966
63657
96940
55798
57092
14232
90334
91150
14765
17678
91471
54021
66474
11647
61532
15408
15399
82525
94335
91844
53093
31960
34563
516
95321
5218
2488
12693
99256
50754
18187
82105
49208
41749
9038
78816
14517
83017
96504
6944
87283
29783
41245
64557
38205
3449
33000
18384
7412
35454
84546
97216
67162
19891
6096
46551
86983
33792
63371
54229
28962
2495
7979
38715
11076
72593
65515
73839
87160
74152
336
52726
41513
75855
1601
39134
46582
61324
23000
15107
26597
71861
46086
76204
29885
1582
19325
87978
17799
76863
73165
43299
10029
28542
76602
41182
10922
20264
47647
71464
34834
8599
58190
9212
40861
99523
5411
85690
52835
41253
82418
66209
72267
78682
84439
93325
92486
89611
87830
49502
50606
67058
79705
97809
53143
32179
91591
68213
44889
70558
90668
43084
967
34354
74942
80684
62300
33632
77736
23862
6423
31039
20260
49212
27174
82500
79587
7579
77960
25961
52126
33145
96072
79049
12722
43924
92185
65650
98154
54231
71800
41350
10130
73712
12460
42401
31349
62616
19738
93269
41178
94236
76746
94645
479
20944
70557
47294
31388
6219
96670
73354
77560
78447
45963
82174
76348
48946
37989
89899
21126
33398
88105
12049
95869
90687
99144
22350
25823
91971
43291
78164
87708
98483
42489
82666
53044
81930
8995
62853
47187
45374
97736
46684
31539
17863
35536
16012
33734
80771
46152
29399
35631
74963
75399
34246
5206
98395
88450
63219
24813
42214
98829
45339
35408
61771
89494
36317
87665
21392
83132
18470
62099
78952
65370
40554
58935
69841
39219
20612
17694
59681
67408
27794
75344
19058
3795
54596
33203
49516
76564
17736
22363
58562
84420
1279
57789
10404
47042
22923
54770
20994
24915
89562
38972
75493
86181
2102
73345
26955
94458
31972
61985
24809
77289
61874
27156
6348
1462
93644
72854
5353
28138
50755
11449
98861
47524
28495
37963
47768
10494
20891
5083
71921
41509
66350
46094
4474
50629
34393
9321
35229
75431
37466
18529
85857
57017
61940
28563
37362
61777
1661
94401
63620
86544
59446
18942
65774
89881
34097
16084
80436
73801
84250
34329
5654
36164
29515
71024
33394
33489
93450
35078
39307
98048
29573
68436
68186
18046
63548
35213
96330
43053
39031
91301
97328
43088
30003
51726
53553
131
88963
31976
72990
65186
23788
14724
20425
7708
72511
29490
75626
99009
97100
29897
82479
58757
38454
70355
40079
53597
96596
3775
24139
79736
8929
67506
92857
44650
14805
48700
20394
15953
84521
89361
91064
72651
28220
47889
93149
46548
44419
94135
3568
97161
99926
65994
22987
85378
48913
13884
62550
60820
93795
6804
39489
85550
59475
72044
62129
11426
28043
1875
26981
48328
87207
43486
82938
35256
17319
24038
15101
54794
39067
57545
85156
95957
18910
79183
84938
85424
26323
11699
30298
26045
50256
70101
61966
18270
45743
70997
54105
60411
36515
11291
28247
89266
38681
33199
29175
19797
96480
11564
83684
64415
12957
96024
14166
7915
14947
94528
81041
84088
79107
22596
73723
67850
3474
59026
42507
52717
65341
2686
57516
30339
70742
17363
44787
33095
87431
59559
85394
2758
87417
6122
46786
98045
32449
17965
42085
95110
3662
27110
50279
91985
27243
25848
39195
539
4456
26244
73705
58621
96214
5276
56543
50274
30587
66033
21573
79036
98305
37936
46255
26077
556
49217
58618
37226
78529
27614
55433
65237
79154
71927
64927
54458
18569
13314
59878
29142
94174
6443
93637
71402
93855
69686
14136
20338
12833
61306
14463
54128
26720
25637
77902
16800
2218
95025
51325
22473
5634
69023
88978
55021
34600
81193
67575
13939
25506
35781
56243
81724
52866
32471
78454
19321
51059
2320
20838
4730
98328
97910
38563
84003
51683
48952
55553
63833
28785
78012
44123
11274
71581
27935
31304
64324
89751
6599
42909
37018
55628
65346
65107
78664
23716
90283
44779
63081
62727
29826
88168
79618
31202
43821
57546
34077
14644
43267
99815
64251
7321
55283
92241
92543
32309
44750
28426
36843
85062
82704
70007
75686
58920
28460
41063
10161
54986
73182
99403
45909
86876
13544
62748
62844
11027
11413
88220
57855
39407
31747
54357
65957
93723
7533
14179
8567
99191
52093
19791
42132
42207
72537
94615
11500
86709
54810
86141
16160
26194
31310
96180
65718
77785
33146
74680
25181
97740
8468
79982
21604
65179
3849
58471
14816
82375
38590
59624
81938
77417
93351
12277
48742
16774
77117
25725
42504
69002
66857
43995
61429
31410
92472
7609
78452
77633
40205
25350
36253
96005
95627
25848
1051
42833
85822
48425
71715
11778
11259
43325
8874
21819
72170
84462
99867
79779
87653
76299
17242
28028
3133
93452
69584
13712
53143
36594
34770
2666
68969
67145
38493
9743
82322
13131
94554
97945
10634
48411
79621
28564
79592
55638
6252
96080
1562
87934
46122
60397
48837
74810
11799
3103
45170
59263
25337
13043
98136
99765
632
6443
14069
89422
4576
52412
49067
76030
95940
54469
36680
16783
88365
76182
35907
98040
64592
90586
74746
735
24198
92463
26324
80501
30369
22119
17171
99104
96251
8552
3163
53640
70555
4731
51220
15156
96340
10325
6390
9347
5402
98216
95966
41279
71290
36858
6472
52894
87086
51605
12984
24108
55143
25771
68071
78481
21436
99870
67566
91740
45102
37643
45033
49637
42351
52513
53330
95435
36723
57215
95026
9041
18003
95014
70474
35697
98792
28885
66139
6561
29803
19930
63116
88619
45025
31443
92343
1696
50141
82199
93422
5119
41224
25219
70558
4779
8096
58236
51943
24522
23647
11573
88090
88790
3954
68230
85867
38062
56673
36930
52869
32342
95259
99984
28368
74508
49579
45185
20411
51345
33385
46331
60556
24427
16732
65823
28703
87631
59857
67201
66120
1357
56263
74364
99105
72397
79998
1522
95884
39467
76144
16916
11100
24434
11536
69178
77007
14732
74505
33056
97741
51518
86046
26969
42208
21274
70421
94368
66848
2282
16092
26644
2462
38429
35047
68234
18895
90678
77763
36787
81777
74619
71028
16049
17786
39911
99495
91078
6525
86374
15134
5788
37628
33451
26413
70828
23887
54480
35213
49321
45930
51896
99478
19723
52497
39035
6691
75051
93234
7987
65636
72825
41718
66343
18991
33384
9510
16575
38052
95624
15394
47975
86896
85513
30934
59757
45212
62047
47945
90784
53320
8894
71977
39721
28769
49442
76229
1573
60625
69507
11802
60006
9741
51141
3225
14728
596
38234
64008
85989
21739
95331
11485
20167
58394
53929
37750
56692
28046
97023
69559
51392
44540
10194
27458
2714
76667
42954
43990
332
61570
45639
36207
82335
51185
80729
18526
64080
97166
55008
15255
58182
6032
69176
20451
39219
71321
32416
89435
60569
26411
49776
4252
61248
52601
70210
33352
21295
58884
26480
29612
22910
20372
87367
92924
24256
6438
58772
64356
73390
98617
62336
7887
8033
30052
90000
92437
18419
57160
9636
20890
72240
1161
50067
95351
95790
39308
62649
609
39191
52701
1358
48411
39710
69751
7930
95462
66640
95729
23956
13195
17678
56024
78272
28258
40196
90715
31
52120
60289
20701
26185
41605
42007
43498
83824
48153
78524
88413
36456
18583
51341
79666
38851
5993
44259
33838
46143
43081
99769
10002
38697
18717
87595
93857
5912
53644
18709
69620
34372
83095
44281
97930
46945
64121
94246
3725
65591
59461
89973
52884
52627
50731
22536
99649
90020
78699
10016
74279
94808
10364
83325
97564
24941
35082
8189
23328
91985
11812
65548
12441
64016
71191
78177
33109
20922
37163
8548
32535
30844
27813
57402
33834
21176
59246
59353
88754
60941
96104
39000
76828
5869
26434
5034
19532
46462
22498
70762
73568
14333
90556
15861
85003
68806
77646
64953
62857
25819
67963
10084
95755
59344
17007
96853
52596
91976
30862
60820
29645
23860
97661
82525
27193
65831
21233
6693
38159
16230
87863
59280
19920
92610
18524
18370
59579
60027
3766
42003
14405
17631
73993
88229
65774
6381
39784
53908
19470
52709
38012
48886
62133
32004
42702
57439
28302
64106
13618
49325
13496
1318
47746
40805
60785
60163
230
37690
40243
36971
8302
31926
29351
32028
43345
36044
83406
58347
72330
31291
44564
33674
74709
30678
35818
96421
54366
59392
83120
42101
54233
35237
95645
60131
94652
72364
28785
78137
6777
10851
11840
35470
9699
49689
17580
44943
20618
13435
99770
77872
14467
35515
16768
36077
23619
20569
22383
67089
6911
64198
29477
47816
94237
77791
4160
35914
22255
68562
21875
96026
51657
73961
94207
4366
73457
41957
73603
57825
40002
95161
87380
33746
26541
83562
92905
35444
69307
78228
85834
12936
41288
31779
12860
16745
28752
69299
28541