11362
67181
5532
92030
8823
83517
51516
80626
71149
30161
83522
79670
83267
71111
96774
80616
37853
35025
90570
62321
72585
31306
61312
55287
29570
32004
13774
37987
8536
61010
58431
86194
87117
9787
31002
5228
49218
39851
98016
30928
72922
13500
65178
23217
51794
47289
2055
95653
64036
77042
5997
89847
86882
33736
35527
38004
25962
432
11298
97179
99163
15656
11426
23763
92317
71555
7727
6425
13463
21418
572
42816
62924
33557
17651
68912
28338
90993
35917
7121
97926
39035
79387
95383
87055
69836
48360
9391
67095
86080
60361
28918
68309
55745
29841
58748
10057
26479
19875
30564
63504
80864
84787
40266
9761
12608
84797
15679
52674
54001
4526
87716
73751
61765
68649
23265
36389
11490
27908
81385
85968
25918
14871
67752
49890
10135
69092
90828
75625
65519
35845
35356
12422
29969
44025
49202
17066
97030
58948
41466
69559
75186
74324
49986
4198
87190
51338
86585
97173
80188
2498
99026
5303
68855
48894
278
70284
3006
60904
5931
20669
85529
68290
5763
85549
59634
24870
95014
95076
41927
38070
34845
84967
27557
58318
665
35801
92461
41347
20380
73173
72841
69751
54593
51358
91863
31156
85138
71839
39631
83725
66702
27524
32182
8862
84249
10039
57187
95733
58443
9320
32812
37531
73799
80666
50764
92732
82196
19495
24352
72613
45531
37025
34727
82677
40338
87491
64543
11487
5573
29069
10869
33282
76892
92781
21343
55900
25794
6685
5104
50512
42125
12804
31982
5040
44543
56272
60579
23035
36140
85797
94161
33920
92670
53697
76564
24681
4105
49366
11332
58505
40073
49092
46468
94855
71544
15002
54380
47129
16969
8891
69183
21839
96057
7784
52134
49221
31932
21504
4467
41545
51956
77851
19970
60696
70193
39889
51940
28233
91921
41706
67808
88438
21336
22986
94470
9627
58454
14167
37935
42690
15925
60469
78235
1079
35671
58421
56965
84448
34311
41811
37423
33841
32773
65925
29810
65005
82617
65112
27954
61209
33376
54694
60337
31510
89292
21256
47279
22100
5584
7574
52257
45062
30801
48594
12472
24691
11653
66025
70280
6325
40450
34725
10444
23310
5834
84428
1073
312
29905
93979
17666
43923
46152
66800
85101
14547
40006
93962
83351
95630
54899
68381
43855
95140
3191
44115
18613
27495
73154
45099
96739
16449
90396
62859
87617
85685
72809
78304
90028
39783
60971
79447
61187
86360
92233
75116
42729
57064
39902
59311
28476
96006
61928
55609
900
7690
26546
28975
47780
47650
41327
44151
21935
88958
17750
52675
45437
14030
50298
46360
49580
60077
11954
32141
36588
41109
30195
18410
73522
38221
37580
69465
77402
9958
62479
62168
74084
98295
92999
74763
16714
90575
12239
88201
26557
78543
56966
18092
22133
32560
36597
40085
43892
53625
59596
85430
25806
15340
34004
58400
79193
71316
47517
67960
30880
80250
62395
67187
87729
78447
75535
64298
8797
79311
6232
64568
81116
4386
92034
35823
26007
74620
73738
33719
32169
749
62403
68745
58364
56148
48724
1024
81601
64781
58804
28550
16172
82346
88670
23059
71836
71125
38081
99683
3528
29558
94690
35660
51524
44800
3739
63791
85592
13247
93337
66243
25957
62132
3714
62625
2978
23667
41443
10557
99565
39226
79290
76927
50555
52909
81438
73394
55742
82747
20704
18897
67095
19209
71379
8241
76383
16670
88364
79165
99974
63988
17789
92416
51112
46454
5398
68702
74871
33013
79025
30878
99907
18995
24935
49292
58869
37535
15130
35430
46207
66700
17506
2670
86031
66431
22760
1441
19815
24867
4444
96393
4381
75337
15278
54546
66770
76325
6406
54713
27044
45100
46724
3823
22240
91671
7911
25081
7782
48349
25104
80085
52585
5725
17779
10512
21926
24215
63306
93895
93154
20067
26692
60091
7300
48040
59815
75715
42547
45142
65739
94417
49706
39143
74536
75234
37672
60552
41250
20957
67664
15854
97546
42467
74814
91120
47577
40716
14500
84546
24512
14233
63509
85211
84379
1720
91828
22683
30020
45533
84444
21139
10050
93958
61193
52118
68316
9804
14944
39234
70600
34160
48857
38376
81175
70132
33706
67901
12213
14391
23929
28788
95759
23075
44580
76927
32028
50663
33365
26057
62982
7735
68208
15189
49827
86131
82042
96002
20545
35176
42469
96408
83903
88164
3782
56177
65588
21422
39497
33209
57751
14942
84856
82465
28357
14886
93269
73385
40242
38753
71608
73145
19942
53526
21550
33126
14701
50113
43013
81145
63607
25361
86721
2505
14831
70025
56885
27752
28216
34403
10366
41066
29349
85492
11144
12400
96545
69983
65290
48711
14526
96525
39519
57781
45026
15289
63801
2512
90939
30211
35601
69488
1785
98228
53250
36281
75796
16985
50589
85916
56633
71401
39547
15422
91063
24257
84207
16809
88665
85026
18247
26450
39792
31996
80998
87641
23815
81142
55541
33130
56129
56983
6585
88456
65181
77710
85059
51118
43230
68584
79721
54162
46409
29401
55757
7159
80198
76036
2894
69862
17071
74745
39234
44510
54873
77531
98130
56602
99318
34476
4040
47699
46688
76161
83650
995
79803
46223
87440
54957
44502
15604
16970
59414
77508
13628
97609
34119
4834
80573
71394
24091
40969
17692
6851
72894
76373
19625
17516
74921
25265
48270
74674
97708
72743
8878
8198
67052
48973
75428
8941
74499
89286
24128
75929
8179
80381
50472
32245
36682
48081
34105
43365
69132
35212
32131
2328
90190
9636
74969
34103
28865
88730
87632
75544
87997
63593
95577
68409
42181
91522
36987
37282
13918
71867
18613
83234
65317
3548
8526
41967
50793
79291
50252
86153
76006
5135
5743
50323
97952
52874
34472
61932
56017
87386
19523
4214
47283
6389
13114
37358
66335
15019
33430
5270
12269
45906
65368
49287
42248
23886
97620
83740
89767
93311
82478
68185
4058
23933
14921
31153
44458
70998
82762
28315
60331
46890
29061
65307
25514
25619
68434
65950
76128
52445
41359
22710
73558
4975
99433
30374
98862
30489
41896
61143
44778
13928
35932
31477
14645
97541
65929
3056
42622
64842
53164
37543
8222
91488
50738
72047
25806
96242
43570
89463
52598
79755
47810
47266
61304
72287
8160
20091
96080
89014
90022
58586
98041
54307
90249
7735
98527
92652
36326
94020
72737
95038
3873
5705
76650
52574
19253
58679
9234
87630
57509
97898
33537
61768
40807
13550
22390
787
72667
57299
66916
96258
14201
28739
85529
6702
79215
66391
54031
58917
82632
72146
13241
27979
73942
33414
34786
62615
87092
55146
22616
63701
33044
52155
61245
52892
3842
3463
82641
12770
56931
13366
7088
49641
61708
42600
27822
36917
92442
23805
65288
78695
14439
50472
57993
19676
79803
82811
24553
86483
10060
80717
44420
75831
9640
56488
41416
70919
15060
46363
70097
7708
55672
20553
98426
92003
2399
39257
99562
31686
49165
78649
25877
85999
47913
80218
96352
58953
82739
58141
55250
26468
9488
80543
63766
1345
58809
14851
66525
44333
64874
21364
53617
22662
39648
92015
1396
20693
89097
91909
39602
8222
98038
53069
11858
14543
98135
25377
26354
33450
73635
13831
50972
53889
37606
12701
67249
14016
76583
55581
81275
42148
88775
92455
62002
2469
43273
60196
64287
99721
66540
41874
86875
67303
70362
92974
91358
6989
81046
95618
98498
78313
44864
6130
88411
31910
34546
88898
95420
8260
68103
46066
72106
30815
9004
7227
36362
33577
71923
68491
4766
15978
97154
4163
35228
16452
26040
41451
99955
93989
18236
65179
97339
1262
8568
10958
50903
460
50219
54846
39454
48176
41140
43921
79027
14398
72609
8855
70747
24217
81379
8554
23826
56874
19146
1347
86917
97402
75773
53644
9926
75830
92218
84256
59393
36900
79123
13305
57742
33230
6437
61744
96078
4766
355
95592
4832
2934
36493
83142
94955
35891
39844
23080
53913
72412
58435
26078
73352
28410
32541
54948
47289
15135
64585
3834
96378
99422
59530
98460
98068
66970
24009
56480
68530
6151
59407
43346
23249
95401
2754
36300
5324
21620
28439
90593
7452
24740
51555
26261
48493
88520
51272
97116
70093
50095
36327
37526
48752
38344
53788
62592
77173
36133
29462
59050
15237
82419
27976
206
27269
95367
34443
84851
27475
17548
80207
28647
21347
33252
5003
44248
29454
84713
1535
42764
64069
36892
12323
63474
31602
73215
99568
2630
33944
89934
55923
28314
2512
46768
70059
71759
70928
14913
55840
20109
32134
79077
70489
55767
37557
62102
36154
7620
26598
17225
11814
46909
44591
29026
58512
19638
15097
25730
32939
66455
29390
32864
67907
82033
61296
32163
25598
2901
52208
37098
98182
26416
56888
72752
19348
58619
1067
70874
9437
60727
53279
95208
26720
12632
64299
97033
58093
98947
14658
14499
23848
10701
47670
72068
65469
66797
18633
7015
3604
85502
44995
40765
50587
52144
92892
79783
36578
69361
76183
64714
57454
89280
42127
32744
27498
34565
82121
57516
63384
52764
14014
10905
22227
81422
82674
5897
82718
49191
28989
97538
89643
22556
39481
67269
97045
4706
3916
97553
68543
27329
51502
5705
22928
34514
75243
28559
95698
187
31519
34517
86456
70543
79331
6858
34066
26545
98631
98963
68500
62686
30980
54049
41206
24751
8323
62144
93319
19361
70547
35557
484
26863
53524
93291
42013
49135
7282
85264
3958
36731
79635
80197
61483
57780
20334
55618
68927
754
43465
80817
65966
69089
90404
44388
99097
180
57335
46522
99715
65024
1945
13906
95194
79516
40564
56530
66691
59464
40293
96677
47447
96839
18136
4399
2077
82297
87899
94502
41140
58231
45609
6098
64586
31060
16727
6619
64700
75025
97909
29250
91581
94838
83621
20949
60907
39888
45946
78892
17457
57660
44883
70394
60785
44103
34309
84844
68474
2932
97323
81012
30080
72376
9671
36485
25372
21131
60448
41323
71551
73752
51544
38406
38724
6436
2791
15969
55424
25202
19831
57798
12311
91950
15987
92792
98753
4464
56753
53025
78686
20189
61618
78164
18669
34955
40543
78005
91913
28607
60847
84953
23300
29349
22881
94763
59691
48551
70577
13321
15588
60940
14631
40137
42121
9279
69491
90779
81510
69611
37886
70103
21629
12927
83333
14808
63893
87222
90322
28671
77126
67699
47480
35373
28291
63213
13455
79833
11068
98141
44160
60409
96669
9074
95638
69237
8344
41831
83535
47470
87363
46407
27273
46896
55465
31278
25705
22895
64749
17003
18739
21280
84848
30673
66947
52925
19695
40701
72037
36732
73421
1929
23648
27091
84197
42190
62921
87003
733
10603
75172
24498
44754
86204
73136
53141
93786
78044
10647
67197
33436
77103
25818
81339
54569
43783
41906
74262
94881
83263
59005
22061
91525
59380
57476
98852
67670
39024
75098
31416
89819
16485
11669
46976
21948
79518
31411
67407
72506
12881
72174
29791
45803
20047
1550
6874
52129
71684
32940
57911
80879
53560
99166
60311
77343
3884
89574
62849
69028
62842
11182
77993
70320
96156
23932
38122
96890
46264
71615
74845
66889
84886
44524
36356
11680
22725
44844
51636
43827
23692
59997
28965
16732
34104
50183
68126
24637
49992
99033
51182
79156
40683
18668
5916
75634
48877
10760
19380
79339
17280
11882
89671
62018
69847
78536
28303
27542
14344
1445
55157
86671
99446
31992
62765
60554
41696
25232
21530
6752
57480
74734
67006
83236
11592
47480
58772
49478
53463
31646
87074
70985
60469
34031
94965
42379
17197
54072
92925
24736
52426
18562
95632
79686
31832
86577
25932
75858
62516
35015
26749
43007
83204
95652
67958
70819
34689
62738
18000
34375
70171
83058
95460
35312
1524
41627
43425
68608
72789
9899
94700
1056
95863
48674
33873
11881
85127
54642
54562
62518
12892
90673
41248
20064
80751
11698
96438
95123
12048
81686
97690
21252
43952
95151
87175
77537
43486
9129
33142
47894
72466
81285
60030
88119
75364
47508
45190
22341
92061
58620
27409
80028
10956
77455
66369
36948
46136
12713
52511
51322
56253
99868
722
71402
21233
81334
77286
48843
53804
1504
77092
31341
67593
53863
56001
54796
27971
8765
64335
44796
26797
61197
18574
43511
73200
53534
71160
3232
21699
59677
90204
33075
27972
71986
20746
13739
92405
36459
26110
3124
96641
48110
79365
86893
25429
18564
55811
61356
6411
45946
12370
55202
13118
34389
29163
87206
52453
98129
10994
69204
2459
68252
43972
24823
67251
85644
29128
6922
495
70797
30219
66803
34178
94806
72181
21544
45688
58526
84181
55595
32800
34034
42238
68789
1874
9990
76223
7345
59792
19608
88590
49227
24717
35554
23752
57331
38426
57098
86978
43307
88423
498
28204
1698
86982
57249
32062
25406
46284
29789
85538
38731
16777
62742
38771
27270
22657
40881
37787
9923
80606
76316
80469
5463
26216
74217
78437
83028
8149
18978
34688
68118
47765
46632
58182
53388
26123
11746
60074
45859
95833
76379
43088
14182
88187
12138
89743
67473
1650
3867
73786
18242
15360
74755
47988
33065
86440
70186
80861
39670
264
21378
42571
89400
55919
8460
47787
33685
7335
44850
40885
77029
86685
77439
69818
3796
2806
35739
25979
80038
72458
88587
68040
33594
7981
60367
62967
21728
28642
65721
53792
87877
7812
54201
36288
18656
78384
61431
98546
89227
91208
89710
44216
98822
14337
1412
75079
62048
3192
19694
31865
86004
99565
22396
87766
31483
42337
95903
24815
39771
51877
95739
924
67037
8676
88905
97682
73578
78671
34129
84783
62506
23353
30966
28115
98707
878
65271
54176
12268
50215
13363
82820
95414
48245
51182
35208
40235
50289
83218
44600
6841
11653
73910
21797
89410
76656
61265
36909
32166
88492
82574
70050
50685
35440
28987
33266
57553
2390
37910
4220
18745
82102
33184
7790
49168
39694
27619
72057
18459
7114
51334
25001
36097
93984
44729
92799
76256
24896
72900
99923
88145
60831
11750
92605
33757
67805
20160
23019
82697
60595
35869
7288
29469
80211
78822
76496
85549
94953
7337
89532
58370
43535
8688
27270
75946
11242
97879
6376
97677
41311
93318
25095
42791
27841
83962
68430
21877
74542
16091
77944
47524
58041
95027
77486
52152
51141
19342
11588
13577
29949
93128
88208
12253
1453
90279
90483
20030
42919
24230
8338
90853
83405
84844
25231
7487
95790
57235
37371
54944
76908
94359
62000
47834
33257
46593
5234
63165
85723
73278
85864
24742
47677
41637
10424
64205
974
99425
71359
27816
24345
8582
42
90451
56764
96932
84782
93547
26407
5092
13514
49570
9492
41831
30792
91406
51786
38393
84442
495
55377
77529
38884
33714
47534
75567
42001
57107
10576
60589
34472
56927
23183
20031
70579
14974
53849
51149
80821
57298
5764
98643
37457
58699
31838
13923
54302
29621
57283
12601
36192
12679
50923
31246
49998
3541
78159
99071
44487
95376
58437
37827
65284
7393
77955
40776
93613
78535
97728
22305
55163
38099
5888
92534
55341
46848
18566
24435
45296
38265
91393
22939
61549
77199
93284
55417
61959
89457
41593
18650
76765
55731
66331
74697
12914
60887
31376
38402
95988
36897
17277
75046
19547
50639
53492
25986
72616
44675
28287
57230
4572
15528
67442
15516
97662
27142
47905
74596
2026
93455
87535
28622
61562
54674
32217
78860
81256
64989
95593
11584
1609
9878
35528
2899
27590
98529
76991
55867
86401
92090
63858
47064
7951
9970
39931
29688
21064
95225
35993
15980
84375
32312
76700
95895
19618
42577
83948
15191
82267
68698
1961
96173
2314
81418
41450
91777
14525
35627
43750
77550
56633
90129
69028
12083
25528
3275
26933
31813
62433
78735
97288
39743
8394
49628
15480
68828
23742
4468
62018
4441
40964
52929
13813
42672
4953
91819
28652
52122
79712
96882
63549
85729
67931
39264
45806
83279
36052
27582
57631
57291
14666
25952
58491
80581
41716
6043
50754
7872
70757
22069
92204
18413
54538
88996
75461
46346
71170
84096
43780
1238
68773
7233
29260
99230
36827
85915
56515
5321
93117
27105
18592
94198
49477
51523
70837
83253
46858
18848
83753
93194
82658
22256
8384
61109
98687
98484
75789
80369
95111
20790
58699
53841
45230
74611
58748
97204
98435
54546
24393
63463
4575
13886
80366
99543
61820
79653
31992
97026
53726
30080
21750
2106
45988
87344
13626
57215
80518
67058
44696
85290
99628
17034
92199
10077
24890
17104
13
4753
1182
33916
77066
43267
87801
42288
42459
26349
54679
66267
56782
74605
68593
27333
69795
56050
97039
54279
45334
88551
71521
1008
93048
40716
40901
89499
31036
96272
63954
84404
36754
60419
57251
45907
79742
84895
18374
64426
40288
24779
50006
77691
44901
75516
93977
13688
27187
97768
90738
1192
37071
81711
80892
87245
2390
53032
42454
13666
7819
30551
12201
23443
99077
26411
7451
57442
98421
70398
74294
27709
7411
61053
90412
7365
25129
44310
63259
51770
27819
94977
79632
32370
29113
95250
24755
84374
44743
56601
75415
18611
53109
14408
5040
38920
52585
22714
2987
39870
73260
93003
37105
70030
61893
72365
8338
55771
72145
38414
50428
12566
94728
20913
68796
50758
51442
4941
24403
21588
84293
67960
21106
67140
32244
86416
52309
78443
72900
37106
88943
63829
17050
32946
50426
11219
4938
14567
80043
96808
33351
34763
85345
5387
92931
2500
64760
26490
94494
47963
16982
14572
17063
96755
95435
15016
78722
66437
93220
74197
92874
82731
46098
9426
10420
20501
67139
22402
39506
98140
91570
2193
97006
69717
8391
54775
52584
97389
40560
27101
33641
161
15452
6225
45396
16272
34931
64762
81445
1172
65310
5620
35021
91820
56391
44094
83866
80309
3699
29723
15574
93729
16236
58777
11260
52053
3681
75978
81327
89879
39219
55219
89642
27990
69021
60810
17702
83808
93714
76938
82338
28544
13617
78978
97329
91172
4717
56007
56642
14979
91946
54291
78904
27498
5718
27610
26784
48064
26123
98544
20620
86131
33918
74721
55405
25412
80157
52664
18282
55722
5886
84363
44902
84038
21995
14924
5730
81445
1795
95680
69075
175
60246
87629
10972
57559
44463
26189
1550
48440
90306
69035
26896
4295
62131
96041
62516
98399
33425
28750
60333
8705
62801
67660
21384
62213
59205
52483
72130
31714
713
41284
27695
90741
73396
95253
29982
28461
67400
198
15470
29592
34364
90320
50060
65765
40863
61667
51927
26193
99564
5151
87332
85346
67735
42513
91290
54045
69135
58564
99667
98257
5499
76336
94015
67150
79194
51579
49010
1131
15984
35285
54358
40763
74808
29584
49996
90316
34035
82972
18207
32814
17409
74382
82894
91484
15648
79732
94761
21149
55938
15828
46599
32390
16818
33792
72642
50373
47491
13486
7146
19453
71097
89729
65727
26304
15430
95823
33187
10403
26779
75410
52182
74509
47388
62394
5581
90934
18939
48591
92563
40299
3087
30949
98994
89093
37589
59801
76902
25249
84952
932
50769
46060
15508
53155
34725
47543
15480
49559
56944
57790
9819
87351
3560
32576
40560
44515
86556
58880
71690
50790
84017
33890
71860
1785
52223
81234
94928
7449
46374
53848
20763
15608
81401
90487
48124
43870
63331
42588
22165
45203
70429
27031
57813
54179
64576
67991
69997
67555
58960
54703
55361
20557
81326
46411
57368
64942
68963
29901
5362
70579
45528
47374
80698
73805
84462
26019
3231
29748
91218
85669
27929
18024
93430
78009
67415
51933
22103
24473
13948
51406
79619
18445
98425
64505
78822
60495
12383
90312
73955
20145
72483
70153
60936
8522
46238
74238
60446
63743
16890
41125
32640
88123
82582
92680
75497
76421
66295
20273
54676
23053
50113
29473
23523
56185
18081
30659
8457
29511
68335
90380
11602
16907
39272
7640
68197
90472
60993
37539
32229
93440
8380
95942
14065
43844
98635
92663
56294
15192
3504
53864
10886
26773
46801
78531
75060
97448
93398
7487
51089
48715
11226
90434
80464
10246
52133
59438
73818
16366
55412
34509
69822
81824
26680
81338
27497
29695
8742
95902
98518
75095
15690
10747
52898
43635
30529
91378
30200
65063
85651
55773
60548
5746
62335
779
83001
80290
41481
74708
62391
53671
72834
59419
76704
63825
79801
61049
22641
28639
55919
98267
92470
34502
5253
59492
60083
12417
35704
19455
55711
56990
72613
92416
13927
46980
18305
24895
92012
69194
92504
13534
57671
14773
34382
26
52933
91730
50134
40768
86218
99761
63218
21614
90710
23697
70054
41722
29002
79269
76509
45885
12064
40187
85294
92905
72981
92208
95431
90911
89368
10562
23725
88295
30621
43462
53188
311
21484
48897
93099
50809
87048
95947
25224
91442
24225
39428
57674
26878
39774
45846
63987
51234
72000
36455
70560
5631
12096
73250
95643
96640
23411
4751
55020
68144
98071
97611
67661
30456
53975
40832
95841
77807
42143
91809
51979
9056
51992
48651
89919
38493
46286
26168
14422
83515
41879
51004
4508
30296
31882
22812
32375
32304
42376
28523
9788
74337
6146
86728
38744
53265
15748
48519
9415
82277
56760
80878
4209
86661
58831
57976
56908
47666
93743
42952
23655
63514
93305
97332
85569
29225
62397
40804
13720
32243
89934
27708
94211
57609
5244
15474
4713
79400
73736
48646
91322
57721
85550
11412
15207
11649
47730
19995
9910
22134
23989
77946
53154
72301
60949
18850
51525
89730
43100
13431
35165
727
66338
39273
40445
86158
54090
77276
78316
1188
82177
81181
91695
19750
16662
61444
51099
25845
97744
24011
81548
65518
23256
86450
82032
73028
34402
59491
77106
63034
98612
27876
19659
32039
95113
90297
11929
76002
4322
73718
52819
83273
49306
58140
64309
87183
58987
9876
35411
6538
70537
77475
83360
21033
3153
88781
46278
99433
52636
80246
12201
14529
13651
17974
69410
31799
44455
49571
29897
66721
48209
24730
31772
11709
59652
26493
42151
76119
54092
72381
90704
31192
20705
65937
23082
78824
56208
17394
8969
81246
86292
77909
47060
40236
87672
22823
18482
97078
34940
24579
79036
96330
38854
41754
59280
76025
10702
1283
14039
33357
72523
19451
91768
51196
96637
34198
20212
94416
475
53713
43864
405
20363
98610
77336
80288
53412
19514
97067
26929
36314
72839
97871
39480
63172
14332
27793
81545
28828
10469
762
98974
37029
75724
95856
79820
14059
20793
73797
86725
77088
7176
80416
36157
57433
69232
85144
14587
84161
54354
57125
74095
22407
51520
47798
89602
74181
16682
69945
39716
46635
2718
47469
18122
59119
54354
6734
93410
22809
49934
21943
29241
56692
73709
25382
4297
50356
3130
62455
11722
52457
75620
53083
54710
84660
84578
39894
47105
98489
1984
8112
79845
66562
13214
30871
61046
97696
79238
36330
21625
58974
29705
37006
77244
78702
13611
43065
79424
26091
10448
49280
46684
13483
69094
18104
91235
85924
29642
29122
15005
4706
13151
87031
31533
22523
15644
27243
89762
28313
80022
39942
5050
89021
87531
10233
4247
43074
27043
10783
333
37904
69486
40795
42580
82635
99575
36129
84123
34710
55820
93570
37913
95814
40294
20218
58378
21764
46478
96044
81857
75207
45256
35632
13033
77285
44472
72730
33619
64465
95584
27952
63007
46694
46436
62434
31047
68572
65831
15780
10617
13297
64055
17641
13627
12718
65660
65913
32113
45997
73188
27259
83010
76487
48429
76474
89883
16844
10943
73302
97205
90919
80665
46325
15180
60075
14207
27629
16013
48947
92945
57139
45509
4907
31899
3953
52104
70028
9922
84781
66260
48547
25820
31186
16248
36016
88047
10443
99907
59112
94430
28002
57022
27857
3243
92310
52611
86534
64538
40830
51303
64858
84423
81647
42069
72224
32127
83771
38262
91796
71790
42999
54873
13506
16945
37649
81665
75805
41211
68401
11178
4833
81564
446
59415
32442
10904
48386
96478
68383
21478
78624
85910
21591
30006
25752
86562
23115
66281
88325
42075
15783
23085
92597
93561
45809
64864
36343
19929
91667
33874
43779
56006
57641
36170
99448
84049
66728
17962
57189
6006
72785
39097
93379
12866
40431
34330
73500
55730
30253
71214
55118
63363
97033
47544
42651
14698
19010
56799
16158
39999
19815
15256
32683
19865
56235
9401
46012
23025
55752
86789
13260
54527
8786
91101
55464
45503
25887
2670
67873
15635
77183
88178
89927
82264
91219
89720
6036
67560
50898
67273
10633
17940
52658
54929
682
36979
37892
8776
15322
79246
1251
99131
46727
31544
55663
41952
82392
68454
1834
40293
49017
40228
6653
39981
34834
29558
44123
23855
90810
35428
65949
67273
58841
15893
75030
63233
85301
80743
23640
52866
7813
70980
89905
11308
40794
35425
89821
41847
60209
48911
88752
79443
42273
14997
25784
797
43268
79346
62018
77929
9555
85744
40791
20184
41426
42015
14528
48498
39101
28522
99904
29746
54333
20933
66386
84545
25780
47858
55211
32448
80846
41868
67445
70515
16817
1902
80199
60887
23998
44020
86789
16076
64518
31505
35236
58242
59750
19621
77521
34783
6887
6267
38132
87059
32433
58435
36906
39947
82324
90999
94715
31281
20106
45607
60565
42947
73799
66137
14466
82101
61970
2185
63515
61606
1392
22632
17222
84315
32497
79217
90145
42439
52306
24781
52222
45275
6520
21225
97774
97302
72409
69282
27301
25043
16774
56664
52874
2342
18526
18708
91249
49920
92687
81091
7925
95357
1650
97079
81466
37302
63399
53996
70178
65550
17025
6301
8085
20069
79568
67146
55086
9253
24434
48091
751
9271
26420
45190
32411
44406
70683
19261
2254
86093
48608
74996
34027
24367
32747
52960
11282
2922
82666
35019
54335
53678
74388
91118
51154
80926
52211
94959
86601
54806
50770
39361
13118
68322
52172
35199
6642
18873
54102
99864
58335
4158
84240
51607
81586
2766
56803
61684
11720
53364
67373
12608
4709
18301
37917
28925
71041
19935
61076
43171
87037
60298
2683
97862
41963
81874
2416
49696
29793
65302
9765
77441
6273
25751
1769
97521
59928
96278
50771
94497
3160
22286
19374
41081
16872
43668
85745
62185
58073
69112
71961
44592
86849
73686
595
85842
66748
5157
24571
9755
38923
61766
2844
65659
23159
90014
62256
2222
19177
20024
94578
86683
97282
45501
80520
15871
32542
84534
74859
43478
23865
28711
64945
74587
93594
50702
7252
59477
7601
8908
71897
1891
50431
37781
47711
71259
42322
8760
25936
75789
14867
91924
14698
40548
38108
86795
83093
10432
49305
4819
55726
5743
99543
64136
59135
1991
55835
59502
15867
64499
98504
47940
32719
66792
82138
6811
255
2273
98189
82923
59183
90954
99657
64824
92240
96473
12937
86483
45945
78587
17637
32450
3914
44250
4803
11781
79900
68877
43824
83996
84253
21964
37001
83176
91001
30377
62093
91764
44738
88723
83649
26466
39498
28848
67422
83540
91291
2521
30305
84613
4504
26302
88182
71015
65573
33070
45324
85579
83153
74383
89214
12827
85560
24409
72863
26600
86865
48045
89945
78090
23688
24287
34297
9357
86479
65159
52420
77845
5134
16011
80220
68273
52280
87144
24902
43359
72487
18062
80658
93788
64340
32348
83352
4866
49438
61754
75404
71521
23537
441
40311
2405
56778
33508
8883
45130
86187
16113
44848
3481
89423
1615
70723
33693
61704
51205
51721
10865
93085
35909
50716
20073
57641
15977
8733
84016
66247
45662
54682
70998
38456
57494
13577
11600
45023
3812
49388
42767
23331
70911
73621
4355
91538
1856
13186
56736
38095
53381
52511
16219
52531
72487
91124
14208
50965
74331
88078
49001
7544
30228
11060
27345
75929
73249
74684
33645
12037
85358
86756
24656
28350
10654
70873
66521
25129
18735
8610
86446
75158
76910
29741
45970
85087
17209
10307
47241
17588
23978
30528
66006
51231
66027
61024
10881
5433
80816
59214
27237
45108
26982
62101
50547
64182
44624
4546
18829
48028
49428
50332
82231
44534
71038
19063
98779
21358
71364
92536
91319
27615
87298
8324
21184
55834
91081
2870
57560
89285
38897
57624
65495
98264
63624
22423
59582
46921
52988
76188
7476
6695
67145
38360
62532
54785
23320
8672
74592
66755
76237
84274
56074
88526
35315
25699
65877
2292
53093
17981
82536
48917
29356
89154
24558
16399
68883
3553
75584
9968
38599
97
24000
93595
2221
68018
53430
11478
43115
56304
7094
53925
10228
39042
80358
25511
41360
6948
88833
65540
84200
64653
74670
59421
79296
47677
98090
99153
74104
41593
87394
64524
89708
19194
12352
20845
27183
73644
23255
11249
76268
62143
72393
14522
4820
74299
34448
49532
63553
88575
58057
66275
94064
94612
2463
96594
59104
84929
49478
93489
27955
67658
9957
82503
18357
50287
89023
29126
46452
81693
97765
53876
81723
28385
11979
89053
9602
33309
28160
83774
32348
96492
76737
62684
93124
66559
58838
89690
43855
79592
36778
22192
44745
79829
56075
24525
59702
705
82085
11687
56773
17393
52342
14553
19615
38999
60307
90509
26337
59183
61386
7007
86923
59582
36549
80616
53537
32028
5418
73402
54090
10386
74953
90929
94855
32936
3671
97092
97243
83713
66165
11344
6694
2479
79448
32270
78134
33422
2314
77434
43586
65144
51696
73751
32352
83281
9093
71464
52937
15278
55601
44252
68922
53063
86489
85420
25019
40048
80945
25276
70356
75188
41063
75997
14148
26283
78685
92085
99478
44121
70197
32273
24476
72
74379
2956
25941
40963
98369
55077
53373
14537
58025
2180
73665
84138
47317
64984
1410
88710
60463
28915
85030
28916
63527
45257
23936
864
75238
17144
50940
45453
37616
78125
89668
4122
69575
25684
24238
6622
72090
12903
16297
97694
55362
909
89467
83317
50532
27990
52450
74726
13511
92529
38920
87922
68833
59704
38399
19247
88290
44220
62907
56184
3663
14679
46499
54125
37397
76995
64174
54263
96570
78136
83770
88407
15530
59224
94953
61808
27509
56112
22679
16115
95080
93746
52811
80088
52021
95576
79315
86169
80042
89166
59008
605
77762
73464
36486
67428
34540
3109
96217
5518
5546
51029
72424
72871
78775
43671
29905
87480
17536
92225
23355
21443
36637
24179
13378
20172
97688
36380
54684
14358
14095
70640
94357
41523
63222
73294
17036
45605
7985
7950
2904
49850
9258
5894
17224
44714
94239
93320
93012
23601
82105
75575
28239
44967
8148
71311
54040
24015
7919
77495
93803
37238
6791
6878
37879
78298
66629
54153
74711
27042
19549
50361
58089
1239
97369
49759
82043
84433
21151
91526
78845
96515
13538
74394
55544
11041
56213
70598
58214
1663
77560
83393
13523
85027
92896
32647
28792
82507
16947
48763
59324
31558
90704
84353
33565
50802
93569
23205
28286
5125
96596
38417
1380
33722
52125
76774
39153
55295
70268
64115
50951
31885
27773
91780
41820
68200
68455
59401
64464
49847
14196
80958
24631
42446
83938
10349
60803
83456
72481
94443
9770
53540
99332
61276
27598
1296
53299
68268
91603
72711
49202
52997
75577
57887
7828
66626
29766
83705
6275
39980
61795
74827
62071
56705
52226
2931
55563
16480
7346
53451
32294
35750
1101
84903
62163
59175
56478
11426
61231
59747
51976
26304
67479
25868
95182
20259
7095
16275
77665
10539
49721
33447
87452
42363
82092
64519
77056
65712
54914
52624
9888
86802
19719
59423
89744
90320
13790
68958
10875
84432
2927
97457
11675
62402
98691
24984
95083
51164
17605
924
90776
44042
31743
65776
18207
31266
28459
57791
43526
93437
17246
46673
48073
97269
46894
77423
3189
51460
26743
17197
15986
2608
17093
60170
92172
31152
72413
68850
90241
61868
50050
48645
60261
72391
32766
96773
96617
22518
89663
13423
85196
45642
99193
81246
92681
31676
95859
33856
91710
17185
69579
80108
86699
86300
76972
32955
96209
88778
79918
43302
96575
84041
7226
23819
77968
94344
77563
79024
68501
42187
49526
25921
87706
51670
38669
27320
50273
38932
89702
46864
96774
71364
6911
62437
16568
6084
4384
7798
19784
52802
61745
24758
35457
22532
10725
10487
27851
92393
79909
79373
46154
45789
4862
57228
54104
37545
89430
92006
76219
25351
67900
48394
35389
24718
83567
61235
34881
16623
47767
18509
67832
22879
68463
24801
76973
8341
75747
35161
60304
91956
47810
64937
87578
70741
25517
28715
54663
54359
74115
5026
32759
43404
20497
16804
61045
24456
6012
20995
54036
8938
76087
27549
67959
61255
91486
45646
36873
90269
87124
13450