73169
40591
92603
27993
35386
36302
1034
96078
74768
44424
40980
92928
17021
37834
24581
21850
10859
87969
13049
25546
27459
51766
46637
43591
96891
16544
21477
20338
64191
33183
17904
73209
72707
57631
53771
5592
14397
87489
15114
64488
5596
6407
51028
1561
8554
40956
73625
8620
33411
61034
29493
76663
47275
98375
36432
81605
27736
17439
80658
73174
73052
23935
49718
74114
36483
90033
67087
57378
39371
32969
18665
93711
69188
30496
17735
14843
33963
42075
92111
18282
92640
30957
23565
88930
84470
12874
71829
20929
5925
82241
39702
49320
86016
73850
53522
23192
97744
48572
1239
70365
36868
5258
79310
85075
72686
35026
14706
26163
84302
18091
32232
38245
76851
93372
37036
15730
28242
95039
24590
66903
69668
43144
40971
16571
18266
87546
40962
72122
20516
5074
30726
61752
70329
35180
15325
72956
17378
21395
30076
24251
63824
7415
92569
41174
6757
96725
74321
87615
16220
60332
34145
1470
41883
14052
7399
49923
24537
60563
87151
49278
11652
11098
10432
6471
83700
50434
13564
13766
97900
40501
81194
80155
19749
38777
18595
40329
99837
37906
54369
88719
15558
80624
22517
3689
18847
40327
43507
51617
65245
50503
29311
55695
5583
14486
10892
3951
33112
76625
46385
9413
80858
58354
10752
6244
56036
82968
4139
84346
48196
48242
41158
69632
81205
520
50734
21062
16055
58705
41949
27048
99311
15753
23421
37853
35705
67141
65644
77321
43286
70043
55122
94843
12602
58776
74427
13972
4936
97611
28479
69875
32803
13972
75605
76312
31653
59430
93564
27453
180
65740
39855
55252
14412
9431
39284
56448
18386
89310
68976
76026
15269
51107
42737
79870
7363
14136
78798
22821
98468
46743
89238
81599
32525
71896
17755
66080
6447
66168
13751
69869
55025
3160
74836
29765
15222
86838
55682
78009
36969
41835
65312
51550
70628
94829
20149
94574
16104
9285
54577
57335
46601
94944
28468
9421
2529
16689
29845
67068
75257
16301
51102
76085
82557
58816
75156
17474
89759
39657
90386
96563
98356
53149
35287
6644
52697
44365
81528
15559
26550
46057
78066
60819
37056
92049
91675
30063
12387
84624
51116
5572
69658
52365
71637
38507
26956
78875
14212
26589
33406
22334
22487
50149
66195
48741
67985
72113
91794
68470
54803
85501
55512
74305
90533
84596
49742
34315
13333
17502
672
94474
23646
36242
57777
48235
92671
81022
46308
76373
96430
48867
79734
33870
89870
76244
53284
13935
69381
34764
3704
71614
58040
28218
32159
69840
98559
84432
62910
17798
14064
8692
3217
88298
7706
70239
50309
22594
22812
73888
48405
48113
597
69315
85539
33742
46371
32887
41507
38057
57436
83022
3560
2954
18439
34274
76678
39476
64366
66861
30349
15782
33113
32489
62380
9994
57211
33007
810
8642
96073
98167
42920
11859
33635
11548
93198
82915
33868
72054
29640
67059
99824
81430
85025
47989
53068
16958
49468
10564
7682
51946
20008
26322
87386
52819
23273
72210
25858
78113
63861
76212
35180
3343
56532
63900
67474
69521
52553
994
27804
78430
34383
37717
18778
43236
76040
99442
78069
97255
93977
60769
8116
22244
62678
95492
56239
43715
63865
4918
90981
96773
87175
90863
87380
99756
71470
18175
21718
58501
40158
34287
98002
62195
3448
98023
41979
63350
37027
69281
51266
21918
63754
63484
68852
56484
94252
32703
28527
45557
29412
80379
5538
31249
31360
23369
40303
99570
10068
26571
10720
12031
49507
40119
75736
60424
30705
2852
20690
88057
7293
98704
24624
74810
37845
91211
91206
87083
45874
15381
53829
10874
75227
41538
49985
39304
52751
2977
66116
93939
568
73962
13161
11655
36196
84681
57016
8724
2697
14408
52394
77372
25378
46260
71879
62228
99258
94995
86413
6097
45559
22653
65152
37083
13478
32548
22324
10515
84253
80464
91461
71750
9530
62801
81929
56023
87496
36695
9553
37424
11891
48498
80263
53974
28505
68176
83222
64087
50645
34863
14155
38439
3020
32
42656
30035
5221
64040
17182
83530
51382
75831
40895
98142
76952
56770
31607
31186
29396
49363
19520
69438
36507
37331
52961
73511
46666
35147
67192
89133
84657
28730
89544
89110
76295
41689
25945
3958
61014
37994
57114
32305
48276
79271
3970
83755
3836
58184
34377
85738
80504
14986
83667
88580
713
9076
39047
83839
14578
57577
13246
23578
67195
89899
10084
59519
39933
70410
52125
41825
98212
61595
50928
50016
98390
60539
8678
94080
69844
92538
43362
6942
99909
14782
63937
82874
28451
76700
61706
11293
65361
3642
96472
43378
51352
15418
43710
53898
83944
17541
78370
91578
14681
35315
79499
8231
79075
88267
17344
31746
59733
80458
88436
82687
23740
74832
64478
43294
95082
34249
1014
32069
98244
54444
80531
92262
44594
97795
69037
38653
59174
46848
24630
34407
44226
30140
84688
59620
19546
7858
98126
88892
13679
19039
15564
28134
60210
71305
55525
36669
87750
52319
64517
92575
69497
41754
16665
70434
55790
49324
14472
82343
1785
9495
31929
13150
93097
11970
87057
23827
67957
33413
96508
5659
74523
18873
20949
19675
29430
94837
44305
81162
48302
33539
68350
14915
24
38521
23673
73856
8994
94879
27809
15001
93349
43717
98816
87348
18462
44912
93718
44017
40271
31201
99653
37439
9064
98519
1173
70895
65850
80627
59604
36542
20052
51693
52447
95648
15113
31003
26647
37587
59506
72127
33557
82174
25409
7793
92567
4592
74329
98323
42006
30014
18379
48483
41539
15838
23159
63503
49357
34105
5921
58924
62692
70628
18858
56488
46734
84440
22898
44498
85039
11819
60103
63110
90759
62648
61131
42560
3049
75156
91434
98718
76501
38418
9271
68260
96952
63763
89728
87367
52787
42448
55637
10833
80560
71891
57732
48857
68460
75906
25115
81824
99432
81045
93487
61048
37577
22098
34389
48237
55606
83004
95851
27330
5203
95090
87924
40312
45448
35280
38299
48638
20462
38681
68719
68434
14616
86294
16757
94150
46353
11113
93396
57089
35061
76549
3210
66743
27122
2112
51157
55261
7854
92772
44384
85938
51395
76211
94082
23534
22633
8357
40798
74705
17219
2886
97432
79228
92309
18613
23306
71816
60544
17289
94627
71371
10234
2045
50516
60299
52262
15479
39821
54160
91181
45332
90339
34264
50082
59898
47802
95223
34604
6544
84427
2874
36564
79755
22766
57278
13885
97881
41033
98233
95594
516
46867
46943
5338
7662
97610
72352
49550
38888
73725
54438
2067
16627
17899
98902
45602
99781
79266
7117
3127
91791
58470
99529
75431
88171
40373
76154
89497
95135
75231
94181
54662
49715
59671
2410
8159
53380
29299
82145
27043
46826
48362
9904
34840
85972
14699
11303
25786
99416
55490
95345
3375
82495
27195
83315
39910
19251
84903
27095
29823
27872
50556
33160
15426
11671
16001
96284
89529
73659
85111
9125
93303
23345
31345
37776
11896
59128
2425
61248
74502
57796
32999
62596
98364
16481
35632
3187
38531
42242
9199
85653
49667
36503
45913
33136
24189
74017
7140
85271
78743
986
63107
58478
91425
6893
2800
84538
45751
52669
46826
79757
39916
25696
96203
76274
11085
28342
57872
56824
93699
35088
87664
89742
11854
82531
64304
14243
67552
78279
50631
64229
38199
42025
81078
59937
91948
58434
56297
15303
53104
96234
87549
23703
98612
67989
88617
58669
60948
42116
57339
53513
90534
29371
71187
32186
3069
19986
46649
84988
14207
98878
71267
80575
84527
55091
30866
27771
99843
33720
14445
47220
26673
54666
43474
30172
88142
37218
69502
34024
19096
90851
29042
79809
82604
88310
64548
40787
48649
93170
62136
64018
16012
86155
80843
7985
35019
32660
91164
38594
98499
78730
77070
45594
60289
78272
14807
35442
99633
25375
38841
53016
16696
50191
92492
10402
46979
79773
50237
83897
24301
9128
96463
11726
75271
27573
85331
21625
22907
64182
53704
54859
9818
63267
28375
40072
9776
25147
23678
48331
7490
10435
52173
99648
18440
50930
27536
92321
12166
66599
44064
41093
10996
4983
14922
70263
78571
29795
39170
78188
11115
52546
3651
19405
15825
70972
82184
21052
23770
84089
51870
88123
13746
6644
63425
46391
96271
38309
14348
55584
87058
83128
20644
98529
98940
57895
57873
18754
64490
73352
14429
98344
93390
21563
22877
8423
54156
94260
45340
71760
47765
32343
72635
96465
86724
99245
46584
33392
84128
56124
80397
39694
58380
4525
36239
15698
38688
74578
72001
12701
24536
77251
7426
63695
16713
73765
14014
23567
92397
11655
74777
11541
23228
21435
47794
65637
17175
79403
98268
50643
57282
66624
71066
50231
40369
13629
51912
32843
80009
29524
22669
69402
98081
26772
78998
46217
90660
16235
72700
70977
9690
31501
26045
53661
10434
2606
29164
98781
53364
57260
69152
61240
28774
10600
72287
98692
33509
73722
37922
35420
61168
94745
5686
32692
89115
5288
36730
81932
49521
76797
18111
1725
97013
99235
76795
53488
93032
73682
19851
10143
4385
15658
37760
85301
65081
79466
90985
62187
15838
14953
99612
53340
71124
98190
55176
57019
63421
52975
29323
60021
80410
35241
94638
19687
3931
89071
87854
65713
20230
82130
56267
27955
7101
13306
44891
83600
42407
76244
85529
99883
97488
37077
96819
37976
75210
8016
11194
23331
58325
95299
37714
59636
90861
64746
52790
90427
55997
12499
9233
44700
21868
6237
20383
52437
83515
17972
39252
50670
63683
55727
17117
79007
13440
26609
58105
45896
27110
58198
9483
45736
47903
84742
69979
9058
52308
201
33755
20398
21960
4173
35105
70082
36129
71979
63976
2888
21924
49355
74228
39708
61361
81624
83258
23139
17349
5993
88416
41992
2514
55101
74261
99766
72941
48851
31580
77048
14977
5729
5111
95831
41822
34662
14643
74985
9883
49640
53247
55929
77121
82106
42615
12601
24535
33577
73603
73079
70801
73405
89276
2596
82536
36446
29153
83666
95339
14390
94861
22337
33267
78829
56383
77701
74567
93341
92018
7272
78400
49890
85864
35149
53799
46038
52744
99604
77296
54253
97852
17545
80002
2461
95489
59915
99046
33519
29887
84031
81945
7079
75960
24946
48327
32321
79378
92870
3110
88797
71705
76571
13714
44605
62175
26227
43802
73812
30533
25193
27106
18631
74227
84432
66779
92095
92233
88539
48937
98841
13673
70440
21544
42152
80678
66140
39031
38025
2247
36325
64575
56815
12491
39365
23586
57919
28517
525
35857
63634
72785
64112
8728
39678
7400
49031
62168
17267
21768
32928
5795
92269
57271
60277
67727
55960
96238
91089
88642
96385
41891
95604
99087
4526
31938
88816
50930
11810
77654
30461
58220
86392
67803
66173
97059
59523
14061
70092
82005
32173
48
10677
5830
73308
30203
2511
92473
5591
77956
80251
64285
60328
58270
51123
47564
24227
98619
12310
47603
4394
81838
9141
7252
36963
24061
48445
63279
73348
63121
35746
88078
34550
73273
24387
1406
13040
73460
79667
85265
79047
79081
70992
50593
6058
25869
16578
60074
78110
60527
41191
20990
1113
47214
38858
38100
53945
55170
31267
45407
91360
8693
65796
36367
77908
18807
44248
50564
38134
54674
55857
60854
26810
10211
52421
30216
39120
7263
71789
7121
38830
4069
51567
76873
19242
76878
76294
40308
65780
53287
32825
19345
85192
49248
16558
3664
74073
69764
78775
17222
99633
93080
81572
14868
13366
80715
63890
4443
29102
74623
17464
93772
89894
26351
77702
35453
46548
22955
17907
34178
79250
46006
46858
39517
79436
59123
99454
33937
54845
90538
96045
76795
40630
77894
60596
31311
98812
98388
95650
86385
20917
10281
38196
92422
30180
90015
98289
49381
22138
32161
78385
35394
56802
52622
38721
17439
96094
74580
3050
4860
64325
99259
97044
2383
38570
57999
36347
40446
88963
65024
54774
39945
97482
26179
49125
10475
5783
86510
13238
32951
37874
74660
8592
20307
88504
14096
67229
57616
710
24502
17375
79783
27426
59004
88712
26454
60451
17179
52591
50597
2712
31860
16731
77083
73256
81950
57161
31894
27733
29936
99339
88426
89248
84634
82910
77150
28904
10328
22726
26877
68425
61986
51250
18405
68378
62230
96503
21214
28349
94772
56100
45806
47207
37542
94636
79611
88405
58944
97801
18144
50453
78822
82454
22206
39322
61347
72553
84450
32710
34728
2365
51476
98346
46646
81758
63859
49532
66763
54264
97201
49988
81600
46844
13615
61297
52210
17150
6753
10403
31065
38973
4102
32645
31197
20484
66313
3206
67805
52419
8231
6665
80136
55753
81936
82076
62877
87888
25556
23038
1913
65990
42416
87662
31707
32124
48063
67196
83270
53273
77748
86032
38915
91916
41632
70870
65199
96104
23501
68220
63936
16287
93862
17935
72329
27530
84667
35404
56960
20591
47641
83316
80113
38514
7847
30029
56988
86369
13078
60588
55504
80676
45701
81562
55320
26571
15314
17483
212
18639
3958
11786
51205
24860
12579
5081
20655
91232
87107
30227
17897
19961
84427
3150
6446
83606
30600
93672
96090
13668
40174
8005
96787
93657
33546
21737
24940
93156
13686
45434
7701
54822
48816
4063
61791
2554
15238
44977
59224
67569
94049
45174
3644
74147
53610
319
46280
39776
20847
16637
52889
4969
99111
71073
30125
63788
97032
70392
81238
90111
6619
65331
79397
55428
60827
95757
33374
33288
88962
11055
74093
45632
35103
88330
43519
67743
53675
12830
12821
63395
96374
87488
39597
93531
16986
70014
96758
31205
67247
16699
6029
55704
47106
57255
84340
37449
60068
5415
62609
40784
82131
13243
57000
13659
62809
9036
29751
14417
20770
39828
26497
1063
81107
49942
71014
28926
93572
85689
98981
24955
86103
25611
25996
34132
87186
95606
3108
23907
89633
12854
19735
83084
10783
80500
89709
65302
42847
86747
38995
20512
6058
5933
48037
23281
11586
33515
17163
7754
34915
68118
90321
328
3448
23434
65097
77982
1769
14505
73457
48278
18048
8700
93808
95418
81273
67560
84741
68395
86826
15456
9473
19670
81090
9766
66768
74855
4315
32945
8436
20589
94859
70925
10639
1248
67830
59266
2401
39746
2682
27685
96177
25733
85300
93573
43302
39809
22790
28238
61622
70380
95724
94552
5366
85858
13917
71860
27892
45408
52209
99670
38006
71864
77257
85267
79724
17681
64186
65751
81785
27871
58635
79438
25334
28290
68826
10479
9634
85102
30471
1419
25235
59418
51426
62589
11018
40551
34221
65026
22926
41598
60848
86638
19152
43850
87760
95686
64834
56758
56429
82649
5696
78956
53921
91675
97597
89580
88062
35647
80980
48243
36117
48544
12911
85592
23799
93084
2895
49321
59436
32680
38198
93422
1105
61320
67134
62227
99714
7388
59233
52583
99671
4316
56002
89379
36557
35633
35480
88854
88810
69454
34224
58937
10138
99079
33794
90505
40891
3788
60089
49691
99326
21648
74421
29974
28324
68872
95969
34045
72139
44948
51295
40998
67888
99829
79004
44833
56729
82583
10280
90002
6673
38569
4681
21277
73099
20616
69059
6506
68142
78027
64695
98804
878
26814
78548
62827
31032
7172
87681
39962
84630
22697
31538
24436
68215
75262
44581
80943
74536
76552
7464
56238
54330
83371
59854
9380
12370
78626
14365
36524
49110
38567
70519
29572
20028
18373
42741
43802
29604
71637
17943
96273
71813
6984
72713
71212
69177
15765
49557
64318
97167
6243
6294
32826
74523
23405
15625
17131
83049
76637
44819
29500
63892
84663
17793
28408
64942
42685
62560
68516
71371
55508
34938
8470
91310
25169
66008
33344
70590
13451
21342
50722
22420
65489
16964
49580
84700
61631
50081
23467
13795
79495
95534
1842
31666
34385
7012
69330
56171
18627
93252
89206
21120
7681
5365
70430
84208
99387
64412
31644
49275
43130
7053
62983
57487
50200
54825
22633
59117
64935
6443
77837
79316
89721
12233
59262
70519
63997
79766
42699
92777
58344
47472
67385
64319
59227
3608
49702
70837
99464
19847
15224
49380
97806
49544
48131
29740
26890
39575
27655
86785
27725
82510
95584
73995
68669
14155
94478
49661
8187
94099
34845
22230
56936
16414
99611
79185
24784
53597
2469
85594
75007
38123
55316
5743
27337
16331
26592
25961
25015
36212
83666
30058
30678
75567
73347
33765
29244
56633
10694
7520
19332
15050
7966
50072
57600
51235
87226
79066
5333
42182
9575
29240
78287
83131
52164
12412
21762
83845
39554
23073
45034
5286
93192
68828
77944
96058
57025
67325
10553
78561
43803
78210
25054
66267
22383
4429
96404
7178
20795
92122
43012
2883
36489
46797
78913
19072
853
59369
18613
70423
57576
73606
20690
50019
72224
52294
29763
96175
50979
99622
2025
59917
19910
1482
1627
86175
62194
18001
49356
94215
10048
96556
13200
80924
51832
42737
65577
22632
64450
25100
76467
37865
23553
57604
92702
77438
46060
66491
20184
30634
3950
1540
24947
87548
1967
85738
64260
4470
80010
32541
91192
57115
41586
13319
19237
96597
81395
30387
67518
40611
90730
45309
52157
11690
59208
38943
19632
48664
36441
67648
28813
12613
59873
71177
18755
17712
57405
43128
98575
71628
49849
54852
15838
93103
69267
50773
63277
98309
92437
45213
94262
55914
56267
4602
40371
16188
93105
94543
44618
28494
15450
74206
18709
19929
92023
78714
52288
73809
71175
97519
23328
2745
62654
80375
96178
43524
55358
14705
16810
74784
54523
76594
674
92244
91019
53708
86515
71955
90542
84282
59321
94879
10892
36473
56824
48522
32607
7528
26101
32348
83462
69308
77457
85318
55358
24288
99990
39844
67591
25594
78496
37778
25997
77900
94689
17453
89150
20012
78652
39940
45838
23820
78511
46014
90363
18303
24103
12143
36292
67409
67694
89456
17618
14171
54475
88379
19153
44171
38509
35031
95392
33576
4502
82450
15369
24337
93046
32810
37692
35418
50339
35417
48530
20522
70887
37472
39899
27058
87513
40527
6679
49723
30007
39247
76078
53983
28920
82969
25545
9893
34212
88479
42125
32249
84499
81406
95342
18557
46265
30067
71311
71724
48415
61458
19743
11130
39576
18351
69863
96382
45756
40312
20622
47713
47691
67961
63740
14994
10608
68947
24584
64946
17606
82277
35213
61434
48099
12277
32597
5818
31551
1956
30925
66978
68987
66850
85945
1155
16833
10345
21667
83731
1321
75951
94983
82981
6520
56330
54502
99016
35459
1053
86474
43000
70724
34369
81350
29684
73299
7271
29717
87144
8882
44001
55594
90375
91834
2219
13070
66547
16099
55493
35286
89174
92661
66602
88642
77784
64499
87415
62595
6417
89829
38889
20713
35578
30961
83962
32922
72872
91476
57412
13932
3661
80363
30341
90120
50827
79094
56038
31269
46895
85382
82931
378
36121
11648
40318
55226
80702
76802
29554
60331
16825
38773
65230
34856
46541
74922
6888
34061
48915
24748
84946
67272
20212
92586
9207
27579
77613
73569
22621
72598
88683
44463
24777
96720
27708
63988
75579
22784
22660
57239
82673
45333
89749
78676
27010
75417
81286
33459
16577
75844
50727
35620
80926
35165
12174
84523
76211
90066
64477
56144
1044
15603
6179
4928
66576
38660
88897
36502
26966
73924
92375
6236
81700
68030
57667
19340
6871
26154
46912
57588
86101
23227
10483
62772
29993
94577
21533
41013
11812
34467
16620
77863
54039
62852
72751
29799
94248
15893
74576
73097
49447
23142
6136
15842
50543
32565
71332
88973
22297
27618
8728
21364
32756
76583
57762
46852
90267
54167
55131
26595
36778
95710
42476
69130
33180
39429
35182
88499
251
94816
76267
30333
8327
82919
86572
54856
60105
47279
60670
49554
78382
11063
95785
23107
45757
93428
79415
51507
21797
79898
19738
4135
89253
33107
26139
26147
61044
44095
34564
45868
42730
75975
84142
9820
64391
66913
69283
65454
54340
73976
83424
44564
51277
66170
77023
3648
371
84129
48504
57261
66821
11472
39883
6801
53659
9670
3212
24585
25501
43189
80534
23913
68663
8162
35976
67208
45711
6063
37863
83920
78875
47127
29509
83388
67833
4243
66664
27128
11425
54334
13431
71612
25019
96805
36680
51948
22577
10266
35666
23860
52943
61836
29015
8818
33930
58456
81874
70051
59304
39441
1229
1102
99423
86073
11308
82582
35245
39602
42122
18159
90678
76252
289
55371
17913
77475
98010
94981
89797
14914
92723
80784
15607
85895
82781
1668
41088
87539
18097
79192
49752
12072
83565
80192
15107
13552
28529
10792
39428
52958
90284
84412
71846
56949
82399
81532
34293
46853
38833
40758
26059
16160
82626
99064
94251
27292
45581
95570
6583
8211
610
71941
58511
7122
54380
5453
47895
75363
68331
3334
45236
52670
29601
97082
14372
18572
43260
95833
42770
58470
28313
15582
6623
57637
18174
51856
18711
2543
10589
1154
74141
66387
4220
28548
33205
84076
84852
30534
98805
67125
73570
2157
48173
26840
14584
92254
46221
57421
46433
7142
48758
56359
41595
45041
74835
76204
69212
70037
97754
24455
19878
58279
72796
75112
67753
47465
41265
53775
18870
58071
2450
35860
33234
1719
24973
3334
42978
69565
76701
87317
59123
60126
85824
63402
56940
22341
35602
99550
53381
54193
10092
26799
33745
78460
52845
69112
26668
35921
78857
55656
34870
28231
86776
84148
71089
7964
78464
31781
84045
99493
27707
63045
74765
54330
93542
79329
43465
4165
54877
5611
3928
45116
4375
2942
11443
42635
78913
19468
17532
35642
65502
62377
86394
36069
12897
96688
22497
98976
37961
87170
48976
43035
52420
49046
50390
39221
75759
56509
74736
72079
87683
23587
86194
11850
34301
93409
55253
70063
12300
99135
8018
49768
19631
73238
93054
65551
87752
42330
1893
76970
23737
67452
31453
79292
60339
48028
48448
6439
31577
2945
38191
66849
46290
72877
62997
79715
68426
11243
3073
97044
44315
9039
43102
59986
3672
74181
60758
5020
12538
8458
87406
1357
30258
40319
52765
19879
49832
23971
71849
72793
78398
74209
64385
4256
85987
16623
51115
49827
24766
36247
1409
86855
77901
67620
39047
77842
85947
28034
32373
80630
18301
73239
38237
67909
15001
94516
94085
48408
32539
57416
83746
44651
83945
68157
42854
73080
3995
95407
33061
14110
15499
2697
83370
37777
50073
97623
21596
77204
85619
28738
78361
71371
43365
80157
50991
93257
84871
11887
87922
34010
86537
55635
44318
94149
58380
56545
242
17446
46801
44434
16778
35002
4592
51124
84162
15106
2725
89117
39625
8239
93077
72032
39183
5297
80617
2153
25961
25475
18841
74441
83871
30843
8788
54463
41392
4678
29844
16543
64934
38934
64354
42217
4365
35786
53901
43716
84928
71749
92433
20263
9929
2925
99002
13659
7194
90102
56842
9440
95049
81528
6633
26713
97279
95129
85280
35160
25798
90836
47204
38890
33101
53606
84711
19693
92539
94916
54033
1985
13510
42384
15482
82122
40577
83207
75953
14104
23689
65731
78675
88077
89491
88012
59114
92556
43689
81904
92286
68755
12884
28986
67510
69118
12502
80606
97054
20026
60465
50473
87478
45034
23025
42150
1153
93003
60685
96168
52741
65715
43995
61118
94314
86351
28872
19998
67721
50191
33294
79870
20265
68553
53853
72431
4869
84239
65448
67248
46952
49470
26572
99768
13298
18727
22309
80807
35675
43250
49024
7825
53156
25950
63878
66104
36982
76782
2475
45579
8132
35862
19543
42199
35420
64809
97261
74504
9084
67959
70112
40834
10596
25281
82516
11535
5831
62703
47869
98450
86520
36403
60313
96392
52918
10027
90225
57885
78698
29320
43764
47037
92987
52789
604
75642
25996
96931
50242
86302
41773
99423
33127
70577
75856
80523
44121
5307
32846
40520
52875
79405
83121
17895
76804
25749
67515
21317
88513
13185
74201
61048
10994
34193
55403
15021
95662
3572
50653
47768
90452
80801
5517
37812
48416
16630
72763
81834
15187
32142
70045
8387
24256
49529
7133
82531
65701
6864
40109
78158
33161
64262
74333
42041
35661
150
34194
76577
41296
45449
70832
61719
44725
13536
13520
35923
65360
96760
66650
66015
34929
99020
43722
69291
39772
4586
83882
90140
59959
71178
23314
65914
30304
8545
90738
37253
45963
66832
37280
69067
81928
22174
45431
60935
40777
98477
67189
91610
32963
94822
88734
67380
94106
28549
73682
95451
70251
68988
41744
99019
54881
7870
47165
68039
84520
75642
10438
90984
98475
61304
57199
72936
83809
20482
51662
9123
83422
41613
58783
32581
76640
52179
98362
14121
52350
21369
72329
97979
55237
16663
38425
49728
39048
2167
43574
15740
42070
53636
34501
55677
71004
58854
52784
76786
62020
60287
26590
972
40295
51494
21709
38011
44172
23151
93848
5240
26713
14353
43745
60645
72565
84390
21970
56417
33740
54426
65698
80217
34097
58782
81657
25711
671
9600
71947
15794
56359
92733
12730
84794
90262
33375
81293
98182
56751
21639
90991
21605
52391
5437
26809
93651
99471
28597
22237
87798
42792
73232
73179
67846
34611
78954
33660
25036
71626
24990
24924
22845
14488
9478
67521
640
34427
31809
49221
93944
70527
19088
84986
29153
69408
18964
55099
13562
88249
75316
26964
46857
40698
9807
30271
78996
21965
76144
48848
73639
16182
60455
93644
41693
14726
94084
85062
22466
55171
81155
93275
64927
32170
3188
71008
80070
21889
76434
15840
25809
42047
79576
91947
32044
46362
55426
32610
7735
46887
18069
98228
56758
90735
56703
78089
18780
16726
49307
22144
75464
85549
59243
87962
26399
28506
6583
94917
26438
21259
61472
6782
65710
98842
23996
75648
92988
97488
93808
38300
32756
7414
62803
41053
5269
60096
65241
80325
41717
13957
62314
57220
98373
9813
11938
55325
76075
78073
56982
62628
94510
5550
23432
97335
4881
90511
49998
84617
17149
70041
37152
78559
22940
23335
62624
52440
52638
12275
49049
75646
97341
73906
88301
97481
86268
80429
86543
83604
84441
43922
70832
13784
86692
4984
64709
71785
53046
11650
75208
52529
2764
6550
70257
6493
93958
24137
14618
4989
36906
43873
47588
26131
12446
56383
78505
63315
86937
83121
2645
11745
4956
22787
49860
13403
50362
9718
93629
48589
56731
62448
29204
17824
33027
24108
57241
97677
9591
42972
51103
18487
40254
17123
54374
96316
39236
72936
60163
54908
41982
12335
46911
99094
33496
45017
150
20127
66310
65563
2085
94383
58048
64930
93596
61464
15151
28002
36742
14255
48413
44915
9009
93395
61621
69307
66814
95413
96222
43732
91531
94035
67702
1406
86754
40523
9158
40814
33819
12179
30568
63059
96112
91220
24681
94732
90596
44519
1667
81893
9598
38157
74175
92225
89271
81547
54937
36015
20691
60032
29217
12880
7041
47838
52870
85875
41772
89662
97806
66562
31828
92107
51622
8631
46061
51478
77692
53285
6549
2491
41301
57979
25763
13457
27558
55390
90085
61047
77158
10294
73473
73837
29646
53131
74896
33836
71426
706
59789
6061
49753
60394
63365
6701
48742
81073
27317
90559
10313
56478
49561
32193
93464
58665
51098
19865
31715
88902
6042
72717
23550
68549
20664
22001
55109
49912
56829
92655
2107
99972
87882
12923
38647
31291
80035
86645
92850
54245
36213
30582
1929
66314
68318
65213
37683
94035
97855
99184
79177
28876
63734
75821
31695
71576
67103
6438
82817
98105
66380
25955
3033
77289
99904
91712
32088
90551
12930
2397
46261
67808
5418
62781
25456
98332
77060
82152
51337
11000
71584
37449
47744
58281
89126
89764
99555
76461
21807
63609
96900
16704
43002
25843
48194
5131
41827
75818
28239
86215
16209
87080
27174
84667
97057
77563
76023
98909
55077
40801
12125
60420
53166
15810
44235
1172
13853
42063
22516
22727
64009
46267
61545
23579
72248
86319
35908
52153
43900
21159
66871
70851
74784
58826
89651
75582
58233
58939
9804
49760
92860
85336
7803
38728
60363
84652
50451
55178
82711
41406
37708
14449
59218
11830
93759
33131
85210
12613
76064
30236
88476
55374
23166
12472
35513
64463
46974
48189
61042
99374
10160
86887
14403
56784
42863
64650
59141
795
54471
68394
47484
8126
28476
90475
4385
90282
37136
65180
62572
10605
96455
87002
9201
57478
93396
58412
2156
15051
66552
28605
67324
94411
47088
2338
17881
80855
93406
59848
4748
73122
56701
45722
83767
31045
58390
66431
7093
23142
88873
21043
71739
40229
21813
63386
64717
61841
37586
2606
87531
74535
81498
34948
80385
63247
49795
36381
39847
48843
38507
20699
9485
17827
25996
12999
8670
94839
2884
12154
52067
25548
14838
14064
51729
46426
49938
37317
76321
47643
47909
1123
81979
46851
22616
89504
3153
45161
80332
85058
63253
54544
73623
59569
45593
4117
97844
4624
18866
25815
29273
70494
16252
51716
78955
67320
23221
54232
39531
59805
50718
38533
88119
76453
90996
40718
15190
93646
16155
35398
29102
57439
57795
68379
84479
7762
92256
35761
45369
5890
36490
6789
70340
22472
40280
59001
55651
87163
58410
20731
82590
63532
77578
28036
13168
50169
60896
83538
38573
45237
77835
30100
19450
1957
12428
73879
2480
89500
71253
71185
79339
74519
53260
45864
69414
34445
73550
72795
34397
21242
77536
40886
27165
40636
29994
53122
3566
51175
36951
65623
50085
73634
82646
94689
45703
25900
3239
86857
24075
44168
86809
54425
16755
60435
54206
60164
18672
66881
13460
76069
67955
13790
7094
46910
52456
60029
38105
77240
92615
95338
40050
79281
96616
77260
5390
83065
98078
79136
1478
51006
84768
26588
769
59396
2640
662
19772
24685
25375
33737
12298
14544
12661
48221
38949
51620
56479
85761
22373
81057
97399
48981
96909
79448
11663
35604
97976
72955
93676
25736
36582
64690
64645
71284
52018
77045
67547
17343
18726
2944
36729
4061
98746
72765
64582
62671
74365
91495
88235
21792
34533
85091
1533
70831
81144
22306
3756
9558
13140
78202
65088
31420
1805
23204
87515
54324
27541
83505
53459
53501
49431
47101
84320
93745
55487
21458
32520
13973
54206
98466
99364
6872
39067
72417
42458
77479
1570
38257
35410
78317
72799
70727
28080
69953
65712
87589
37609
60838
75545
38065
14274
12295
54883
43701
91141
48992
3280
36608
45155
56483
54125
97075
79551
90518
81440
56887
46256
7199
53660
71190
53291
75082
79083
23551
7788
88828
82609
94654
6714
25597
47615
6061
77282
77177
79257
3705
16915
13961
85394
76805
56778
47303
22011
38317
53546
16164
56000
50743
72688
92415
53295
71953
56631
57546
13072
20808
88911
21104
31624
54510
49590
43153
2847
75015
99286
62642
62021
88820
43137
53148
36712
34243
16742
67633
6410
78831
31688
56984
51081
90084
80879
78540
20962
43437
1585
6091
29525
20152
56298
74611
56031
5119
29
27915
64764
56211
76873
2518
70110
59132
56320
16040
67479
36927
78665
3474
89945
37140
12767
31507
24714
92042
78369
27027
23382
98562
21577
33492
27872
22338
41058
40559
50802
98927
80012
43081
24351
59085
85752
16056
50140
80243
85987
70572
90671
87394
16441
68339
21145
88312
80614
73421
57569
90160
85894
53275
77633
28656
143
54725
83060
23903
94076
24752
94685
6487
77151
97594
13852
69536
96584
1439
31143
92215
61103
96095
56725
73537
80030
53269
2066
89028
8132
15582
28561
51552
57611
9438
72035
81137
43376
70644
29540
95533
63447
43471
47862
89443
88321
10089
30192
56759
66662
81829
564
48785
19961
26997
65224
46010
55634
35763
55145
7796
94297
1340
7123
84934
46973
74259
29037
71260
29805
99691
36953
91092
42083
75246
80875
36951
26005
9069
91190
64559
67929
102
45647
57286
71454
31324
6476
12165
86548
10970
14466
55001
4725
56640
82518
41064
27310
67024
98065
7235
69416
13507
27960
38968
66176
10403
38639
88332
69431
99027
98951
45777
10932
82953
11710
30349
22444
9732
74998
44325
50527
74117
3570
87508
79183
60303
54850
31731
26341
92165
77789
35200
2533
87677
77413
17077
19835
44264
19307
50429
9658
10447
74934
99311
65139
11178
56143
82526
14672
91541
89870
83968
34751
68620
1137
30382
63906
38808
55964
21500
71508
17823
36636
58909
61487
31860
12967
5814
58647
10821
65808
89904
26374
75859
51118
13357
18918
9751
708
25242
47065
49868
98939
37089
41745
11917
30972
6139
7762
40789
38557
48413
66643
85281
88853
59509
50578
62812
24863
16491
7330
61221
43666
44882
69589
78269
93652
62557
3890
75232
20440
84776
88852
9189
57784
8521
15480
51759
40652
14124
72733
40239
93086
20739
8660
23777
44190
82924
84991
19013
13117
45343
72735
30535
87434
98125
34363
88059
97948
65134
89131
79366
98781
38835
66360
62080
65937
75851
47262
24286
87393
69010
74909
55164
58239
45684
39612
6998
18349
7697
30783
14030
65640
31240
72905
97743
8262
44006
56820
26791
4126
61874
42035
92495
6666
76740
66722
80884
83234
98671
45626
63864
15650
54315
69927
26233
44194
68326
26382
29289
12795
67619
86315
1553
73674
44024
65075
62573
37208
68497
24730
5691
73461
3239
48169
9017
16792
89527
21395
71921
76751
54134
20595
75526
48597
73636
53677
70747
92366
30297
38825
63504
5824
70121
70424
69823
93503
66752
80631
38827
47806
37113
46658
69622
63453
98304
13123
19499
98393
57207
25520
19579
40457
22911
13707
14031
6700
95841
54081
46460
47181
29186
69540
63514
3067
88654
12998
73337
22364
58332
80613
40461
57529
40282
54264
20397
43380
30224
52488
18992
49321
30946
22507
65534
32653
11493
44211
75227
27948
24892
61224
24396
64975
12491
56314
14785
35057
45300
91019
45652
11961
84096
91432
43990
33741
63588
54158
54761
46917
44206
75743
78693
37029
32182
58432
62137
41407
63606
51245
98347
77508
55042
52434
17910
71585
12731
14516
89644
50230
98380
63450
64131
41135
80597
64436
37416
83806
90090
83649
85096
82405
41535
71268
59426
14832
16091
63503
64209
61909
35614
55348
21916
84633
77899
83528
57869
27427
89094
60679
83120
23702
83244
91975
49773
10481
89833
58563
81961
33311
51986
68577
91062
35770
13477
26004
92939
13306
44492
18037
40662
32066
56062
69160
859
6474
36403
90636
83549
47205
14419
10532
78196
27025
37085
68105
61275
87627
52794
14250
42503
82986
94765
52990
26175
33620
88069
14499
26753
14066
75290
98901
81218
33965
51146
53473
62663
98930
24093
10484
53965
51485
74588
86137
27089
50476
23745
70090
6324
21145
20075
54751
73350
83391
63153
56956
28503
19332
65222
85128
45264
55579
41756
11744
96761
15391
41680
92806
31932
44130
31560
55163
87786
85172
78470
90641
54094
44554
480
81362
27935
65198
35455
29099
70624
98924
57758
88518
88134
67631
95597
23208
398
74735
30039
12647
27742
65966
2250
15764
65830
45362
10879
25128
36490
81058
88778
67142
13322
62566
19787
24291
198
8534
83688
42868
15418
26741
47274
28614
24083
62017
66413
65087
88445
59027
33655
37892
81917
40768
51743
97439
29539
85171
5321
49442
34762
15444
49625
61122
60229
63851
35081
82468
41826
73760
50815
4876
60581
90133
75482
9903
93640
16331
47302
65963
60293
80246
93981
96940
96168
1829
10306
10791
38931
44989
98861
99047
62132
88799
76457
95051
45975
30982
43598
92909
30494
73076
92878
23128
8599
14673
30284
66717
85280
92223
13550
42843
96891
19394
73002
24731
77510
88232
74795
76108
85073
66571
7313
91886
64069
63202
81966
37192
94847
74231
53108
25347
45926
95854
24540
25336
18757
49509
48350
6516
69891
91961
53755
21882
10115
60932
33291
82301
10770
66575
17971
95522
7460
52131
88715
12960
33581
59332
13028
16931
57792
35731
43143
98312
69225
62120
49158
37139
70805
73023
76615
85395
13188
35662
50553
54110
69313
85888
84433
76383
64627
16525
3845
86950
91113
57498
3196
95541
87700
73270
6489
23094
46119
52568
76974
80723
18975
45463
15253
13197
96923
89144
39484
10054
92551
84524
98620
93096
28728
90774
2011
92205
38960
91676
65904
80773
84973
54778
22314
77252
16403
12742
81158
44614
78770
30264
32900
29799
10186
18155
70898
80061
8587
79021
75831
67911
73499
47980
47216
99929
84318
79587
40701
97970
43531
92267
38041
49566
67262
63988
52266
31032
11518
24563
67038
36211
4056
11811
88938
71959
82143
85116
90795
62593
74240
34720
91004
76659
86225
67989
77298
67760
68118
43418
13236
25814
30511
12033
39011
15078
79886
71525
63818
36654
53283
57655
2015
38275
49363
71716
98875
65703
38498
9456
88440
12292
63757
43126
20106
83791
56631
48283
22891
41515
81307
85763
36967
92071
52951
45633
99394
57805
7039
93915
59911
20800
77208
63348
72633
90408
81876
92809
66025
74237
16990
60000
38672
5633
99920
27673
68208
48460
58426
6496
73920
51433
70234
72170
88650
13364
84253
89678
44614
97056
50992
71435
49824
72059
26256
73361
43260
95392
22398
96273
11205
880
17311
28860
62634
34891
1838
70566
44368
69408
80525
42938
27528
33129
25935
16672
30350
24622
26144
95982
61867
2328
1191
73215
43765
39586
89283
2885
76787
94124
5673
82421
78794
11176
68675
81054
49884
938
69385
59641
42747
87386
51383
72335
81012
30090
28734
9309
89987
90021
60973
24448
98054
22117
98765
6868
77645
87149
67928
3554
71206
73934
66140
71435
61407
26163
15905
55196
80992
13525
18726
91962
35684
7921
29462
54506
87370
20493
26799
66919
87324
89871
61356
22231
97516
59795
98430
73140
68119
56798
38229
23883
18663
85412
78760
3207
95415
49466
83501
64045
9692
89991
13182
26453
66045
29483
41230
15831
99110
98749
30111
19541
98157
16239
19351
39418
62543
75226
1877
68982
80345
67921
67511
72209
19251
51519
8877
5175
27310
3456
1676
35604
22361
91090
21412
17254
66638
95660
66643
76772
81370
67840
47790
55671
817
64373
48419
47723
50491
77399
12009
4898
58166
49045
78901
17136
57183
57356
76318
6738
88351
50442
77952
2647
20592
68109
26854
12582
78017
72166
5735
64211
93377
22955
69587
82229
53804
61620
11242
6819
72108
93595
30559
53799
97130
57819
6147
71527
85039
94910
86118
14024
3901
59612
52048
13122
93108
25141
82841
49253
65155
27593
11526
16063
7219
13833
46299
95297
5270
95006
87489
24199
41376
89406
93366
66396
69276
5734
62650
19107
596
10820
87032
36622
36128
56924
72404
66595
93161
83688
27086
87581
52451
42041
44950
99590
82184
61519
7848
35266
20505
28968
52152
11876
15974
98132
21212
84135
21029
52967
55574
6873
31834
41963
34675
65172
98735
60418
55683
76300
89191
25461
77296
7725
45691
4552
60011
10951
87381
67121
97002
86426
14254
9091
15271
8596
49855
28564
73690
67810
89780
36340
94775
32604
18076
83799
60359
20470
8886
27900
26684
21689
83699
37241
60314
1458
47599
5860
22513
2371
2095
5447
5814
10469
40670
90070
84907
84194
89057
89110
73046
77983
38817
89497
65885
37576
85398
21285
41950
458
52882
90176
60070
61888
60189
89108
92922
86681
37242
35674
20732
97984
57076
7431
12344
85650
79415
27728
49463
53770
26834
53551
16991
45335
6563
6974
85302
37318
10869
91284
45267
65101
37850
52685
73490
8233
80127
61847
4859
96264
1477
13705
77326
13325
40007
79792
35904
80820
43853
72229
37484
58643
69059
36300
20628
91251
86243
65152
68674
70816
10545
45631
71972
49902
54882
27816
6754
76710
77960
91907
56204
72906
16116
79374
99992
68494
34585
41276
65496
39192
24094
12042
21895
36853
42917
6073
66131
75658
76110
17202
3599
64658
60114
7887
67576
10303
50622
91180
13428
84820
6202
15666
38686
62673
66002
61049
9318
306
55873
91963
98432
41438
49860
80890
62883
81613
41029
56797
19650
48988
66281
68820
25343
30366
94557
518
70961
39000
50120
73667
90202
74343
53751
24610
93097
48090
34782
94996
87320
1525
48139
58766
17617
46467
99932
65382
51656
23388
46915
72164
43069
41115
60126
14929
34949
82827
69954
33782
70451
69946
72293
51048
47138
90732
28048
28569
5999
54818
44622
29073
46098
56130
38986
42520
85833
83847
55676
91741
56016
13907
57930
86633
30110
10161
16102
34996
30554
74763
90332
53796
71421
53431
80775
56652
81942
72012
58795
46538
93419
17248
58027
71792
9415
4359
77836
27605
16939
80146
19384
95311
86528
48391
71165
5340
92135
36255
779
30190
12936
3497
47154
43810
5244
67281
63420
60640
63638
54897
81374
92611
68792
29136
19213
63346
91144
89672
64376
49327
27194
98
89091
40645
51168
92597
25394
33066
75293
51355
3726
95759
18723
86060
97581
13179
4764
71952
30041
83071
64143
13518
6499
67945
63476
88415
54862
33446
82526
51421
6988
13722
11009
15351
87726
82248
1551
41197
65229
29313
61927
69360
29642
93437
39898
66429
63310
54241
18151
25029
57815
87360
55338
27321
25657
63109
55259
84105
69938
16846
59069
76195
18769
85019
47173
60959
39847
49601
55599
18155
76650
57102
81780
32686
12229
36864
68493
86129
65783
72211
96349
99596
53593
17629
49498
29293
99978
56915
55034
68438
35698
12151
71483
83102
70630
84111
19171
23274
72769
63247
16077
67232
70244
30505
15678
53617
94194
93215
44092
68675
91144
95201
42816
69038
83999
91001
29945
46836
61444
9771
64910
13568
89260
50294
48149
62571
93184
48893
35128
72232
14309
29007
25704
33896
38582
45631
3571
18726
55731
26440
22897
71438
65969
5801
59394
57338
98723
9782
40131
45247
43773
39420
37937
68168
861
73355
42293
91899
93202
20725
98949
72470
97886
1777
93874
9446
49657
60135
76212
6113
43106
1382
72645
81266
28467
31544
33204
99305
14857
33591
78461
32136
34195
21373
65336
92471
96876
72302
83203
88389
54410
58351
12042
68660
61556
82778
21667
72475
87904
78098
61516
57615
74053
11422
817
41475
18024
51468
36961
40428
93230
82625
68995
39341
13284
59500
53522
49675
35077
36783
32577
77717
84926
38258
46161
25310
19791
92878
87458
70925
49873
49856
56661
26997
92015
79005
30182
85561
96955
55463
95822
16578
91274
15379
96948
80679
25137
81649
61152
88653
54774
34440
88568
29785
9546
44358
93180
58266
7862
56281
21338
67754
32364
21706
28891
99045
4093
50402
17662
5303
96666
12948
93894
87034
14905
49822
90900
78118
51211
44354
34470
24858
85509
8617
78516
89720
78916
58989
40910
74649
3604
62451
7619
31485
40547
94541
25741
31890
17451
60186
75636
28808
38860
80896
72850
10691
83603
51377
14462
64096
9594
30290
20615
21027
78445
77038
95595
64898
55239
94795
50015
50234
22405
37174
40015
54678
91231
89722
72747
62382
78024
95738
58891
24299
42544
77422
30936
13551
84419
4980
92328
72753
27188
35179
62713
86350
94580
11017
73464
1318
95262
10357
71106
64150
51906
94350
75549
13837
37857
18978
11483
52220
15392
8478
78085
12167
33598
35092
92604
67631
69275
63799
50023
30411
93228
2329
4227
6598
96368
29984
38983
27739
7191
22874
52126
82476
26161
13211
41106
52400
20560
92222
52995
36845
94891
88158
7576
33006
50734
38440
84317
98209
80739
91180
72256
37572
10121
84365
82921
47455
6585
97966
57905
11058
74870
45025
32553
9775
2181
54880
19664
70865
94265
70450
88273
97123
12874
43598
75942
48016
40496
35140
24460
65404
84877
44909
7863
97349
75077
50680
76844
458
9589
35804
24679
93836
7204
71168
39238
8356
26742
68213
52101
47073
32905
29097
87409
88354
30583
24619
99355
26588
83480
9011
3098
68131
68859
76989
46832
62912
7063
19692
54755
19489
79465
7237
45803
88211
45236
92845
43244
68346
18344
99621
48725
79924
62527
87421
25286
93459
69145
43209
53507
59198
51418
124
37524
9573
37653
60246
79177
41991
56218
87366
52649
62875
62759
95658
60557
89460
89199
6316
84725
72738
32649
33188
85361
41313
35573
11454
70385
12131
4058
1299
37125
37464
66352
86955
11379
23029
89735
34107
40185
34907
22215
55028
405
24775
75974
66846
21407
5388
15955
97242
50793
81120
26429
17773
85662
5748
20665
32077
92930
80265
42421
93618
8628
55988
74801
6064
60363
54550
12949
84828
81040
62121
46641
55361
30875
19490
19515
71836
69230
31849
61400
94445
29383
37380
7368
32054
93719
75266
81937
21415
59837
32505
53986
54891
13015
76038
42405
30034
39718
89581
63792
41113
76950
91187
48416
97673
51685
4319
63628
59275
45636
99339
29175
15528
5921
21074
42778
20070
46800
32100
66537
56818
28261
63598
25288
67791
72386
7441
64613
65587
67695
87878
85439
59154
35315
75034
89772
78060
26724
49909
93596
49763
94640
22691
93097
97173
33848
10324
28739
15361
86504
23640
4129
25830
93925
75717
21518
75679
76548
9815
21620
32598
7108
2355
16765
83450
58540
58023
62562
97744
67367
58205
21403
18980
17121
38310
56831
58327
72711
65843
73504
95297
84809
8438
40384
85355
35555
8661
10024
64503
17173
2186
12910
32430
85678
7542
7403
15025
49545
97807
10384
38750
24901
16633
19988
3493
63877
99798
48768
21623
16305
62923
69675
59987
26407
86302
49566
30067
71872
75075
78869
71372
26126
87238
90527
97814
25522
28160
9094
39964
27809
45848
75029
91941
52292
52578
19939
1481
29508
30916
20526
8298
32781
50870
80343
50318
48056
65471
32905
73659
33223
6798
99932
79368
71737
28240
37228
88601
50033
89243
46636
22968
43137
47570
64126
30577
67335
91390
11489
33284
78262
51895
94417
3868
13907
1480
96160
5422
76232
7288
73450
63201
25304
72417
69656
88281
8097
72060
34230
87484
29236
15149
80788
67807
24606
46124
41789
35415
21321
54371
80230
61391
43441
47637
36903
84543
49349
74278
50086
50588
83286
79841
44349
61382
65830
28736
76771
1277
44420
86874
46658
85089
60637
42937
25868
62028
90474
24497
77558
36387
4597
48739
70263
10126
4159
12491
2968
90548
35594
23234
11613
10313
33173
95733
31334
95130
82997
67086
80141
59554
27381
62587
83520
88680
4494
799
18543
81860
8620
53064
55160
12776
85838
55123
65099
15996
74418
51331
39600
79094
92222
44015
2154
63546
97668
30844
2304
29279
8307
23104
38422
83728
9049
26630
76193
42890
97017
98583
60947
11209
49534
47367
13676
10219
74444
71679
5893
70231
9650
81885
8859
63346
49594
15095
30156
59650
80305
37941
87258
37724
21656
85845
60473
1574
36950
55362
79172
93043
42657
83027
44682
55406
47601
12790
99530
19517
97935
17573
74796
41854
97891
90972
95281
65137
19183
65954
62036
49003
34140
49027
94151
88847
89878
89621
33873
48285
60502
43344
16727
11402
82639
1893
56576
40281
85077
18588
86004
60968
30013
73239
92554
20789
13313
55920
9910
67001
49847
84065
75647
68001
93419
59468
79634
21465
34524
27415
23275
51769
39070
15964
13369
33705
58568
85136
4442
47297
10589
35143
78086
27444
29455
76756
53390
87553
47062
84298
14848
18724
26859
72801
67055
45749
60093
24216
90255
27497
69999
68848
54992
71178
75710
92800
65514
99806
70117
43254
9299
41795
98857
99299
49727
82120
85417
39109
31632
83515
39892
29683
73671
71139
43509
30193
14243
22043
56152
97020
68390
90034
41198
36147
32104
10778
49043
31833
96973
424
49158
57074
28222
91859
72690
14801
69858
48713
30945
61059
15554
40605
43771
99992
95080
82592
80272
42052
34012
46690
11259
39340
34580
90771
86129
61470
81048
52287
43659
8483
35351
99150
75322
60535
43584
31694
48644
53474
34886
48873
13975
409
33651
72018
14900
15190
4192
58847
40002
6317
12009
76485
49675
87041
16473
38642
3153
49378
35417
28835
2382
16047
76159
79937
33485
70852
23815
63474
21982
15716
30838
53315
85439
76212
27318
98597
27599
78449
39826
92855
96707
36626
16384
1725
29391
14585
5892
44871
82884
60951
30068
55222
92820
32572
35416
17362
20981
19330
90812
90764
42491
47497
34745
81908
22695
48629
19373
58366
45223
55916
79915
64129
4280
77792
8996
3206
75127
26459
7636
22498
52310
50551
18079
76152
69152
26019
84774
79237
81072
11162
67995
67317
40474
51468
89018
13426
46471
21285
87017
57813
36074
5238
12140
48088
92882
27813
4182
51433
20435
74341
61924
52546
40139
39812
56791
59942
38504
13428
81055
56245
81292
77539
47576
26390
72977
93754
74067
73075
58285
37532
22226
75927
30596
46605
52112
93454
11677
82328
88883
25053
18468
55651
54841
1287
96999
32147
64613
86169
81504
96142
99975
23552
77567
20740
97652
47831
9891
70051
14865
34932
86162
14746
86068
91702
82704
26150
24426
38262
35549
62360
48413
22857
99237
61334
9608
135
17857
58338
16231
42653
647
40796
71183
84609
86216
74345
3060
95077
28878
35042
58553
67414
87783
87475
61990
46507
70714
25078
27035
36869
89189
16793
18623
24953
46654
69836
37115
4318
41143
16831
98359
75204
30223
94229
27910
34629
72286
19570
88414
68490
21081
58328
31374
1679
17900
10729
60468
61621
84382
69963
88903
36429
52243
20085
37907
65137
2911
92821
8673
19152
81629
80431
26799
3429
27965
5242
58734
63908
77754
65326
70534
85892
61150
85785
41267
56687
42610
7521
4445
73018
52860
83443
57180
12069
39017
90307
97469
82673
36006
19074
86443
83978
78876
76805
73722
79105
97518
44896
36844
17188
41640
46597
85797
73870
80920
64278
14606
29141
36483
6927
65421
25141
48815
39126
29504
22646
30566
22984
99343
73373
37673
40328
54949
35379
46540
40634
1631
14508
98876
80960
65513
31161
95633
88696
91218
42364
6242
43831
32912
27948
57611
6673
53795
28355
60249
31397
93885
16924
48106
79779
94779
24419
21820
9562
79193
10960
11609
90171
12059
21681
23815
27345
67157
15053
86504
21408
87026
4353
5619
9084
91402
61104
47635
87157
1325
58985
44154
54604
75742
12577
4616
65750
62040
99683
1509
88351
85434
12736
6419
65287
44046
74953
23527
20813
11365
93934
43191
46490
87734
64414
93073
38387
6334
13563
26868
77360
20044
93143
4439
59792
40001
13556
86606
6435
98971
8759
54090
17243
67036
8014
21512
86075
35995
15210
32150
41800
97998
33564
96708
41829
50661
71557
84462
33218
86541
56385
49377
86961
23802
63874
81562
17040
87177
17474
42879
1656
16036
7432
18701
17074
59121
70693
20913
10156
94282
20373
82335
77315
15906
12168
70116
71928
88760
91805
42637
89447
54184
70586
81575
92030
40369
28461
69309
1687
22990
94807
51948
97681
78423
66150
59175
91438
62494
25739
56489
59310
45740
90472
13953
15484
7444
67379
85855
39121
36601
10648
47796
33477
27276
56013
36711
22224
9600
4367
51737
15455
51238
98132
12101
10304
82339
92864
20240
99943
95564
54244
62033
82744
74150
7429
8642
96287
94949
42413
79173
91445
16317
22758
62915
71671
52964
78628
3295
34390
74359
53192
97628
52811
47607
58262
388
96682
63649
351
54181
76384
77674
17157
27935
6407
30340
67899
44277
22358
95479
81497
41416
60449
2501
34682
88836
69597
70678
34906
47895
65355
14453
91936
67766
770
88611
58280
57983
73131
58187
91389
98541
44835
74080
81554
28515
1290
2738
94173
75193
59765
80870
77372
95213
7134
72532
67154
35666
99262
6023
72750
9164
31905
66872
26060
8758
1916
16636
54145
282
7951
46807
47355
67979
9531
24170
32387
55937
91987
71650
89469
55853
71789
3261
84121
37367
12777
24547
66680
81715
93250
7463
66995
36474
25687
14114
3106
8458
7345
99456
89148
97188
24279
53573
8281
78114
19983
89521
11827
65018
23567
85008
25771
77192
72504
30406
52664
55835
98018
1638
72380
76519
52487
36353
57212
39852
21061
5451
56860
94386
86369
68278
17352
5023
71187
49020
69091
86966
5138
64221
49715
91741
98421
44026
68014
54167
22528
34818
57898
78722
96942
97145
98280
31047
8892
93372
73604
25424
95478
83145
89854
69408
78030
69994
10270
66369
52030
51562
60588
16158
48703
17941
46225
39044
96250
56654
23744
77341
80366
77208
8854
46542
58961
12708
42476
1023
19867
99672
72297
37398
16007
63758
73800
45831
86826
53572
59860
51130
88501
67479
22256
2993
27755
48696
27368
20376
40924
6172
30258
73125
49621
90773
56319
77510
46390
92033
36930
36767
21950
89345
48779
54936
18708
44234
99140
67224
14844
16765
45521
78092
74296
99549
78988
37226
16480
82988
25375
39996
96027
76258
16819
59645
83125
81390
52353
1197
94262
12556
60107
11745
5211
8353
66113
35619
35311
2445
19793
36983
79426
21169
93331
93395
1387
65455
28286
86339
41051
50592
90215
10849
49771
91477
4989
74021
92807
67343
87997
79346
34832
20921
39509
95069
43023
41127
25078
18567
47831
34577
36056
60728
58545
38984
58278
27281
39681
71358
15477
47974
13633
40232
93973
67154
99020
12155
24299
43959
86377
41056
84947
59562
4313
74384
85169
16011
95818
19210
57921
65492
4027
15678
87304
10338
89397
99486
7212
5430
77554
77429
94523
39236
76927
40286
44500
74323
14178
69916
56353
89889
19257
19477
59002
79678
74336
60640
67013
37378
7485
33136
11789
69468
40349
12658
16660
84981
98963
12398
59009
29603
52772
31233
1839
48362
74819
85380
16286
3984
21742
40538
97951
72285
7635
84039
80922
66429
36940
86828
45554
81432
93378
19609
10048
26519
90560
67135
74442
35857
66161
1551
90595
5866
17298
40033
46280
13400
36188
61023
85008
69399
40822
22587
82067
1337
93301
56439
44808
2158
25865
81826
10398
79737
76753
33624
42185
87837
74736
40127
80873
50424
25422
41320
31183
70430
70235
61329
55351
59547
32077
65940
70600
58567
71050
66867
10256
56377
46232
32887
66910
87931
57928
7170
17760
56712
6506
83830
82325
33613
48305
78700
49688
37545
82823
27264
90816
5717
22950
27576
77910
17458
8679
85953
41758
80135
36082
86712
21557
79977
89253
92039
11383
29747
15825
52923
83431
81037
93655
26603
56538
63656
95521
56484
69715
27665
12518
24313
15800
60086
77676
96690
62983
11578
58321
89122
67436
55235
80228
10532
36474
97721
39718
24453
28552
67768
18522
52644
14515
41211
44034
47241
65959
32752
94689
51567
4009
30559
34749
21428
82306
4052
78971
56693
92763
30723
91856
30412
90866
7629
87893
51787
4321
32380
93053
46712
36428
31839
86314
22324
15637
36686
44160
33971
3617
23639
92784
81851
54051
99436
6619
64191
42769
69232
53155
6892
98186
30392
80322
42105
71600
75577
66463
33973
21413
53807
49082
7646
49587
94949
22426
24558
8963
68408
16438
27430
39910
66760
98025
95421
35490
74349
59531
26065
48915
69163
34455
57481
66647
99645
23344
65813
39762
51403
41362
77626
68714
61348
7158
62819
58627
92737
33536
85231
51172
14548
78959
49373
34140
24187
35299
21849
87905
19090
79283
49474
96895
5415
23036
7256
99961
53916
48348
67128
3228
38855
37201
40635
21800
446
21760
90525
9525
38840
14908
39805
10060
60319
21675
49754
75307
16315
4424
61875
74124
12470
95142
61399
26590
52075
32574
39768
39334
69250
35641
85365
42125
8360
50784
91285
39579
49861
95685
14428
73817
59382
5280
4200
15494
70060
7995
98831
71279
87019
42728
16685
96437
2837
44817
2501
95808
65540
96407
76533
56725
91829
36272
52593
48434
9217
12815
9998
4264
48150
73510
23687
53129
86453
74360
69216
3660
5649
20055
50856
52085
73878
67977
83086
13464
81212
18693
44341
6054
23674
5779
72819
40689
50271
92107
26652
9669
38633
42002
51631
65035
45848
85909
16546
84748
32466
72095
17824
39030
97599
29655
79811
15710
31933
64326
98900
4560
24765
81338
73457
14580
11437
94985
39972
15248
76731
96182
1203
20784
29302
56054
19047
2157
27638
17223
60754
61910
81600
60311
37792
98146
8069
41196
57472
23319
2860
27363
85438
25456
93108
4698
88402
48017
54429
56165
50955
8976
75166
77072
72229
52786
47940
38096
13347
43046
58067
58921
60201
5421
39817
85405
75427
68798
35196
46135
15698
20921
18342
48210
41540
61875
34204
28875
97354
5520
62060
83131
13884
31741
11422
11348
81835
38088
52231
89844
13709
32827
12303
47916
72612
87014
70030
40578
19862
92297
67170
627
33838
89729
2438
79126
95220
62427
62293
86772
95151
69328
41630
74060
34647
90370
2931
66837
27113
38608
28590
53888
91435
54988
89112
9839
98223
14197
82459
63193
20423
33526
57075
38000
1618
64240
80669
2586
40148
99246
98509
60513
68958
84007
91877
10140
72120
37956
96817
3086
87122
97221
93127
90840
43692
93777
81412
87867
79617
75610
90457
71288
61311
37725
64171
66266
31666
15208
56736
7451
3260
90313
96917
23951
86243
87153
5721
85790
25786
94618
42061
33314
48153
1008
51610
11053
25818
51848
66945
3531
18231
5038
61330
56336
67716
98832
20687
90218
23543
5139
40537
37696
17429
78418
73749
2601
81402
40911
84875
63766
41995
21148
53852
85009
84443
62067
94456
83538
68689
95102
45837
9958
44264
79978
2928
15633
77718
92487
84455
69603
17603
15389
88726
93818
11987
92771
99027
21805
93369
1270
31918
26877
98618
19645
1905
42362
32686
65448
22259
2157
31208
8197
74535
46719
33680
4610
51450
25508
29876
95756
43204
2483
26364
74378
42751
56382
14058
3741
72927
22804
8500
83556
42893
90361
19715
53739
48722
68409
23232
91467
84362
77821
69536
90971
57586
84470
87383
36445
64158
99422
71926
8078
82
3039
52651
89476
13187
62385
85532
60506
3047
13969
45512
14152
39966
35778
77020
10200
12102
42996
71952
7523
45163
75288
20252
59324
27330
63263
6386
65876
35034
90224
59798
68655
75430
98633
11177
62473
16335
73934
73243
26472
42772
15619
44695
25207
23701
70096
99848
86305
55762
56146
24106
66198
44854
51135
44518
86459
53684
64173
20923
13824
27227
28228
60305
5786
49753
88766
84403
88506
18848
21268
25538
39599
6499
65054
20581
65355
55315
1179
33835
40755
65247
67202
60711
90786
74090
17732
48052
46427
1486
21621
57182
88277
94475
18745
15746
57489
76016
92164
59799
73712
25793
5557
40715
29256
89940
14507
96530
95972
61639
22103
95095
73037
55710
76399
80142
76966
23919
47602
94646
30296
43589
25346
97276
2145
1280
29190
37562
54140
51560
2963
19988
52267
20727
19759
8976
70925
44988
7536
87917
61087
86383
36985
44409
36506
90314
13406
96529
78402
63185
74845
8336
8656
2291
6793
58573
76263
16414
74083
62183
43106
75712
4436
513
59250
38697
1528
2712
73471
73559
62851
97241
19206
25215
55731
74861
2968
91
7960
86930
56279
55499
93613
204
56228
58594
34928
44756
32192
34654
63800
51496
95101
71273
45010
55755
74656
76452
13275
35500
74817
74671
90147
36486
25359
91279
5115
36925
98472
28819
26008
29662
18519
87471
40280
6319
58286
31843
21946
19234
26545
74357
69125
6125
48810
24341
86649
42335
6962
79224
35748
55330
97218
97652
19037
86429
72568
72107
58076
91909
61364
71513
77530
8570
35824
19702
1157
14151
86459
42284
28941
54547
53970
97582
20509
5257
72857
68722
11990
33758
86561
46650
45873
67153
47236
66252
76909
94742
21312
67327
68736
73480
80510
12185
34089
64044
6719
94940
25808
41665
22339
14099
78345
22489
82084
55280
82781
4663
22839
88818
96223
20351
74673
54399
71801
82495
36614
17988
3875
23611
1267
93066
33352
55234
68394
65931
79979
89690
27844
33568
33307
93529
74357
53552
20317
23456
88108
81669
5429
57098
99361
24495
46184
29110
22625
68713
47112
43333
86088
63256
21330
40198
77137
59468
6208
36375
53978
34088
36225
20441
49525
59267
88538
11810
37560
85817
29846
27281
52937
60999
20986
24479
60376
14657
51581
76738
61638
44248
39590
83637
1517
81381
97081
36433
70891
19296
5496
50960
92562
58409
57399
15211
59641
44977
87854
38973
90900
32457
63824
17974
87305
34616
63878
84648
19859
732
42112
79853
71541
89462
81788
54122
56280
87263
49512
66647
68026
40189
25126
46226
72741
89431
32035
94955
11890
19166
52115
64220
74963
9480
25294
52761
14800
55093
65088
1697
56743
17907
83565
28678
98422
3707
81791
51005
5824
6069
39558
22280
21784
81938
24322
50587
20741
42723
1530
36378
28270
51295
48134
92476
89503
7226
59436
34619
14222
83920
60939
35953
60338
46112
34718
8496
69482
59693
16378
72959
35804
30160
45932
9901
97472
51210
56434
25686
98651
36149
41517
28412
57696
41861
55474
45992
64581
59316
758
2177
32983
36320
15069
68568
91126
5607
88597
44002
86977
98923
61031
29505
24561
88806
32306
83574
6578
97812
6024
81612
63066
89851
89463
33725
97927
99877
78585
89276
20042
58618
54668
43325
84447
63711
55770
94391
56241
51220
47371
81556
30439
95799
62411
22677
36602
38535
95561
64390
38608
41597
91039
1170
7651
9563
18666
88686
73758
29125
18506
42236
862
14613
8678
33883
50042
97839
58191
1927
93229
53066
58028
19302
7129
7313
44456
58302
56848
90145
62760
87028
4610
68737
83475
15449
15859
76605
43181
84647
76850
86706
34985
71123
71037
39381
88999
98756
81040
38885
22871
95716
42285
82032
37014
74256
31790
41579
55552
48938
88772
52056
22418
68195
64937
19484
36211
22217
34922
80309
48217
48541
51932
40752
15303
41781
70120
44965
98210
39696
48324
40041
389
62775
34223
13199
42668
62099
51279
34388
70408
39187
73232
30145
64739
45906
73718
28409
96832
52996
33152
8799
75094
26762
7707
9006
75679
47643
51448
12017
62989
48960
17359
77387
40739
30560
9073
77423
95605
86199
47329
1187
7779
98255
88009
10249
56849
6287
88241
59473
58377
82755
59965
86370
71784
74984
92891
80001
7060
68302
62637
41754
48529
4675
2610
40348
10891
71993
85750
16778
82029
51013
91871
83910
99682
85222
70507
62642
52917
69764
12405
87044
54486
23469
9347
8225
99238
18251
63217
14952
94494
76345
58026
40775
33632
21435
44164
68221
44236
15322
93211
20600
33140
54694
13137
18639
51768
59449
60760
46454
64582
45768
9642
71284
17062
64670
57839
87098
55487
1713
4290
67686
57513
31156
75920
64816
73556
6107
18025
58726
99505
23090
36363
64622
9806
11119
6365
1019
86048
96512
92623
63784
76396
33841
20596
23797
65593
53118
54905
99107
52855
64746
9728
25816
5320
98897
23400
70447
37189
68785
25068
52965
53215
90704
97095
18316
92921
79991
3138
36491
6891
83548
62292
2751
23536
33374
12776
88647
19358
15283
24538
586
70863
94961
45011
44996
7153
6414
75462
79565
40445
90775
63998
6705
20954
66482
38326
91015
31159
15848
49183
36367
44346
85919
76546
74106
68455
68057
68084
87652
5589
85722
28269
9769
7865
44529
47942
52642
10323
37987
8878
25669
10173
76427
13527
16003
10334
47420
78447
24617
81901
93147
36137
17647
26475
7817
88975
37349
13668
42037
79500
9229
25846
38229
60953
21835
6687
87321
11410
23275
23756
86984
98252
60787
66206
39791
37535
7904
23620
52311
86729
6485
27332
50848
32825
48258
72321
48336
95351
10124
49110
70223
57570
589
21463
58311
82284
44773
50278
41971
35767
72921
54671
27520
49772
88159
35893
20507
75952
25815
44942
75145
58692
9269
74412
85303
4298
12704
15876
17337
74884
70255
97131
59337
95988
64109
98128
41841
31247
42065
4478
62984
11733
37214
56420
73946
37995
14189
94434
39774
71307
63352
92296
10277
61775
8155
61387
71354
66824
34826
53195
78100
71276
18126
87361
97470
9155
51846
73757
46135
572
24676
81013
29023
32678
81817
72206
35022
39425
12975
54417
35743
94209
68848
18732
81830
10108
15075
56425
10460
11323
5556
6942
35106
67145
11901
35660
82226
60394
97395
59223
70406
95420
35878
2883
96793
80224
45249
41118
66606
56599
24258
98301
88387
27182
54799
38750
5511
5642
15121
64545
34606
2439
3851
65657
48155
12931
80804
42393
89924
54263
77586
35822
2361
72650
69714
84336
89515
63464
21191
71987
45562
52755
76429
74721
67710
832
61362
29805
42299
20973
82339
70352
93717
11933
14693
6607
45604
73984
9604
28292
38823
22456
24640
3901
6984
33752
78432
26150
30355
36719
47737
30742
46772
57093
23621
44699
81584
90445
16127
49114
85952
9723
26844
97978
4738
10024
81846
89125
18142
33139
60873
27162
55274
39418
80653
72184
95332
34733
35570
3774
57902
6188
61250
86622
61734
80562
78979
86003
89610
39837
17457
11773
38626
48120
12899
92213
7002
21500
46101
25384
13852
61552
49447
23782
94572
85617
59347
74134
34359
67061
99525
7456
20011
91575
83162
36209
28728
10489
38834
1433
69896
46168
74056
91676
80309
55393
53516
30132
10264
5969
64561
38842
40444
55114
66522
92763