1367
2014
1309
4581
4915
2161
1929
4873
61
834
1052
1797
626
3824
2359
2479
2345
1103
3015
2940
1224
2208
2924
1950
2511
3910
4734
910
3456
541
134
4822
2555
1443
4402
2469
3603
1331
2342
3664
2164
3393
461
2790
2217
2819
268
4561
3922
3283
2500
145
491
423
2094
3001
4332
1827
2787
2368
4044
2609
4922
486
2011
2391
4089
3342
4732
2753
505
3124
3213
3295
340
1032
3563
4900
4953
1845
2399
97
2335
2822
2191
335
2153
4018
4245
4940
1385
3289
2549
1307
3775
4559
3697
2863
2900
3428
3179
2076
3722
2379
1325
4897
2194
3851
2486
981
2277
4524
977
4069
3521
1698
3294
3095
1333
1448
4000
3010
2577
582
983
4150
3354
939
3675
2831
256
1854
4906
3977
4232
1230
3873
1426
81
1359
2407
2357
883
3383
4403
4719
2498
1413
1167
1497
4423
3743
2079
406
2893
433
1344
1567
3263
1599
3421
3169
576
2652
4399
4449
4078
4479
807
1484
1836
1690
4866
3261
1093
4946
2980
3590
4146
87
781
2889
2166
1186
2598
2530
2348
861
4128
768
4029
4704
3420
3427
4152
2497
2906
4959
3980
4741