647
2552
1600
2496
1241
4358
1158
144
3630
3370
3554
1315
2857
2619
2910
4207
4548
3151
2079
276
4566
2705
435
4076
1738
2061
320
3523
2014
3175
4600
3406
4959
1425
3210
2912
1169
2777
4396
1087
1272
2988
3699
2341
4381
4936
1748
1545
3394
2819
445
4191
3725
3069
534
4300
2613
905
1705
788
2599
2236
3792
2032
2610
2687
2129
250
2342
3453
636
1369
1386
3918
655
4418
4810
1348
2791
3109
2014
570
277
310
2594
1302
1647
3082
3931
4641
45
1681
2354
4047
4242
2634
1293
1720
1442
4547
3363
2744
1469
1929
3457
4929
3226
3437
745
3289
23
2983
3416
1906
4637
4803
1964
2289
3321
1923
2427
2159
3908
1385
2441
4786
3499
1500
624
2486
675
504
28
538
1469
4896
2239
1067
3659
4177
1452
2471
4438
4086
2575
1181
1416
2411
2821
3520
1969
4849
3663
405
2641
3961
1894
3037
3586
2871
4052
3423
4594
4794
1486
1949
235
526
3265
2167
1861
2485
3640
3459
858
591
730
104
2408
1168
3414
2750
2206
845
141
3407
1013
3432
3137
2067
762
3012
2598
1394
2199
901
2681
4216
2351
3518
2629
3045
2273
1724
1035
3200
3479
3070
286
413
4373
1996
1884
4503
4555
4906
1635
975
3178
3216
847
909
4104
4952
3805
2267
4977
1719
3427
4671
4666
2667
3540
1456
642
3563
31
1136
4699
3951
1233
4586
226
2202
1546
405
458
767
2291
784
4926
539
609
1251
2666
1873
4834
3242
2591
2187
131
309
3099
729
2683
4807
866
2455
2239
4384
1401
2138
1441
3155
733
85
3266
718
4764
2961
1861
3052
4728
3083
1553
1021
1604
690
878
2620
524
2738
2550
2122
3963
1742
1554
3931
1606
4544
4694
56
3860
2743
8
4695
3008
245
1821
4508
4194
1609
1789
1297
439
93
510
700
1445
1746
829
3111
3523
756
1309
3328
1276
3535
501
1182
3068
2737
1618
126
4700
2463
2863
2084
4470
2904
380
1741
3369
3705
2051
2134
140
3224
215
2026
3085
763
1696
2766
1739
3049
2611
1622
3400
3765
1416
2272
2781
404
1946
2857
717
2776
3331
2818
681
2594
4057
2238
4138
2082
4072
1157
1813
3483
554
4715
147
2188
3031
3619
56
4022
2336
1081
378
529
4960
90
3322
4465
3489
945
2322
2493
1089
4530
2321
2463
4143
3770
914
1273
4986
764
116
2836
2112
3069
1678
2049
3505
2902
1709
3915
713
4136
2163
4306
4879
557
4929
2491
2500
4390
1288
4958
4744
1740
1
4932
2966
4104
3795
1720
3665
4444
1637
109
2891
894
2484
2706
4352
4371
3577
4436
3869
364
4863
4995
4894
4344
1199
3230
3735
1731
4412
273
109
3625
2744
1838
1282
2083
2345
3064
2151
2160
1183
3527
3152
3818
4663
1847
2319
1352
826
973
4145
827
27
3788
511
2193
4130
4499
3663
249
4525
1928
1435
3920
337
3343
2908
3236
4180
4425
4595
2567
3174
1337
4610
430
4720
286
4294
3121
2089
8
1643
4427
853
1550
3239
3612
1928
2090
785
512
3515
3697
4723
4085
3495
10
4670
4832
1609
342
612
2583
3242
3414
1580
4863
4896
1983
1373
2080
3795
1468
283
2491
3796
2167
1081
4940
1137
3835
2010
968
3899
324
1976
1971
2785
1710
3200
1396
4805
2691
4948
875
4800
2941
1009
2028
1608
422
4657
1989
388
3405
950
4579
1759
1158
1159
3263
2951
3700
242
3968
3461
1479
1684
4202
3443
2397
4673
4505
2082
2413
3501
796
4362
1079
3349
2675
3014
96
459
4619
1443
3927
643
3451
3999
2447
1712
2682
2222
1988
1901
2810
2961
1720
1156
4819
162
854
1281
2175
4594
704
4269
4803
1495
71
1215
560
1676
4043
3519
2914
2996
4558
4384
2792
1207
1075
4963
995
705
2499
4303
4308
819
1606
4871
2756
1873
3398
1536
2080
362
3941
624
4088
1814
970
2087
4530
548
4656
4024
1382
1169
3311
1968
3666
1768
663
1808
2775
1523
318
4792
343
1005
2097
2639
2111
1166
3241
2516
4681
3440
2303
2978
4896
2284
795
3313
848
1027
2471
4232
3128
719
3761
2577
89
1108
3468
3928
2414
2633
244
1833
4879
1392
2212
905
2919
1557
2485
1124
518
3274
168
592
691
1687
4617
4831
809
4884
436
124
2515
558
3141
2054
3687
3840
503
1979
4864
230
3147
558
821
3785
3019
2529
3195
4216
1225
628
2729
404
2027
2802
3226
4513
1083
2226
2539
830
489
4834
2588
2788
488
515
3094
1230
4764
4917
594
252
4906
4754
507
4329
3700
1798
664
4506
28
3871
1359
225
189
4090
4736
108
3929
4171
431
1010
3857
1389
1975
4849
4886
2424
3631
1705
3427
4524
4564
3792
3893
819
4732
608
724
3473
1191
2373
1156
4484
3073
3676
4714
4175
4966
3613
1280
3979
2465
1458
1895
534
2188
2103
2225
4186
93
2242
2223
1339
756
2761
4141
1924
1446
3468
3828
507
4791
1046
1987
4642
731
800
4069
3407
1107
772
1066
610
4737
4656
2002
2319
426
2004
1558
2728
4823
2998
2040
4849
1507
3398
4855
950
3687
1858
2886
180
1187
175
1340
4710
629
1460
1109
2621
136
1632
432
2423
2477
849
2728
846
1030
769
191
233
527
3494
2125
403
3368
3466
2407
2016
920
2604
4603
3846
577
4917
300
3642
2322
3000
1983
1610
1225
153
1310
4129
591
4166
2827
2121
1948
765
2416
4892
2384
3406
1246
2258
4120
4372
3942
2753
2021
2978
4525
4203
1243
53
1885
4037
1624
446
1869
2699
3681
158
2362
3817
3179
54
3547
1004
2083
2727
628
2493
1748
1925
2119
4465
3108
2632
1503
2310
2008
2122
3336
1009
3931
1401
2277
3082
784
3567
745
3240
2382
2936
394
2768
1420
3890
1871
178
3944
3331
1029
3984
2499
4485
4500