1683
869
527
3201
2053
3802
2662
2972
737
2185
3232
4539
1036
4549
3548
3606
475
310
3399
2893
1902
1141
347
4696
63
3411
1350
3099
3849
857
4782
4717
1384
2982
1769
185
644
4741
922
2828
2973
460
3863
2522
4007
546
1127
4482
855
4525
2374
2757
665
2720
2452
728
1131
3801
3826
4979
4658
3607
4695
1042
1589
1464
1227
2232
1204
2148
59
4177
2607
3922
1698
1614
4468
2824
1095
322
2349
3469
3079
3014
1189
530
3741
2319
4331
2566
2297
3989
1173
1991
30
2761
3454
1256
4992
3403
264
3612
3661
3645
2780
3518
4007
3453
4964
1592
4475
1763
2931
3565
1806
3950
4953
3606
3725
75
1298
3785
1826
616
4958
2651
3122
1932
2890
2217
2688
3153
829
1348
1797
3609
4866
804
2061
4829
2395
1536
325
101
3397
4275
53
2003
2999
127
3300
1784
1952
3916
1742
4603
2037
3673
2492
4254
1361
645
82
2708
2441
3690
2573
3245
751
2402
640
2287
3993
965
2387
2390
239
2440
4392
3238
2566
2692
21
4518
1608
1762
4121
435
1612
2898
1795
2257
2980
4503
4698
1670
2076
2942
2420
4477