4744
2997
4705
3953
1822
1228
2688
4705
4049
3808
1202
1635
1642
2934
3686
4812
3102
2059
429
1566
4541
667
2862
4487
3225
1371
3963
3482
2555
1813
4220
4208
185
2836
3058
2667
1017
4573
4110
2403
2406
2568
3909
4800
2225
4051
4692
4862
2134
4190
197
1623
1915
2677
2946
643
4942
4370
783
1901
1114
504
3123
3570
3938
2555
2895
3792
4189
1235
3059
4930
1424
2791
2917
264
1048
2405
4116
2236
3209
4290
1269
3858
1804
121
4367
3382
863
1457
3501
3055
2217
3171
3013
3422
488
3326
612
2507
2916
4440
3083
513
2874
4831
4337
3871
1813
1168
531
2796
3402
360
1432
93
1838
3053
3825
3901
2436
3509
2512
1135
739
4910
3842
198
3931
448
3296
263
4465
1429
4937
905
2583
1646
2706
3686
1411
403
4025
296
2419
3065
1318
3832
536
2381
1175
3616
1580
4853
402
825
1572
282
1374
3467
1673
1034
3779
4343
2251
1580
2650
3382
2983
186
2669
212
31
2118
181
1531
3788
882
2964
2314
2649
4947
1519
600
1016
3942
2110
4779
4620
3415
798
1686
252
3189
2355
913
2378
1985
3666
2668
4758
3194
4938
1375
3924
4938
4862
2570
1445
1042
355
1138
97
1460
4346
2264
786
2195
4325
670
1969
3714
2411
2594
4555
1442
659
4332
4946
2306
2863
4404
1844
3511
3054
2225
3891
2047
3817
4111
450
3061
2393
694
2387
94
4237
3944
3730
4038
8
107
4079
1251
1639
2771
4098
1720
871
4455
1414
4850
3073
4463
157
2422
524
4421
4923
3487
1069
3882
4239
1005
1924
3964
1653
2003
155
1817
2892
761
1149
4225
1399
2847
4784
3784
2996
3049
3597
938
258
1487
4209
4009
3188
3045
3461
2685
2465
3031
579
4257
4878
2622
4449
284
2759
98
4539
660
4298
3605
4063
1845
1271
1938
196
863
2003
3998
1902
274
2340
1363
3301
1458
274
3966
2208
3099
4473
122
970
1438
4912
1713
2655
448
4365
2026
4724
409
156
2115
3699
1229
717
160
4627
3342
1350
3093
2630
2206
297
4115
1246
2901
2106
2267
446
4489
133
656
4383
639
3576
1696
1421
2198
3017
1152
3984
4366
1817
4717
4158
25
1416
3219
4516
3438
2696
4699
1675
591
4214
3082
4212
1865
4111
286
4143
1839
2770
4775
1802
4794
1495
3639
2086
840
2321
2068
2650
1581
3130
1376
230
4306
536
698
497
3155
1901
1777
1934
2145
575
2647
1786
4462
3206
1438
953
2548
4896
902
3980
4040
4383
31
3796
2280
3903
2032
4622
4347
3636
3634
2160
1971
4703
1448
1860
1279
4323
1644
1341
4306
3349
734
3173
3519
169
3300
3250
3912
92
1335
1779
1932
3870
591
4242
144
56
2753
2085
263
2172
3648
4450
2784
2479
368
430
3962
183
1674
3910
3461
2226
1636
1088
2583
2889
3360
3883
4550
498
976
1681
4681
4983
3784
1033
3664
1559
2998
4173
855
1955
388
1678
1208
319
2175
3274
3723
2059
420
3342
1582
794
3470
26
1297
3345
2413
481
3892
2750
3294
3888
4824
1571
2384
1251
2042
1651
4711
673
1577
261
4509
4198
2859
2945
1782
453
3825
625
3784
4111
2906
1326
2515
1776
2041
562
220
3478
1385
4258
3127
1544
722
3969
4186
4856
4988
1689
1426
1993
1839
4776
4756
1065
2038
2402
1692
1140
2523
901
1508
3553
2492
220
2785
235
4287
424
4225
3517
17
2603
3833
220
3304
2171
1432
3999
2222
3771
4223
4950
4147
2307
2677
1791
2082
3554
4206
15
2936
4691
2396
4645
4413
2456
1333
152
2504
4960
3502
3478
602
3912
4501
873
4951
1997
3540
1067
1619
576
310
2784
2237
1130
2341
1041
2899
2020
1750
3938
3528
601
3912
2506
248
233
1866
3044
3356
4649
21
4904
2137
4779
95
2496
1182
2159
1623
3363
2370
2428
3249
4871
421
2557
4337
476
4492
2847
3377
308
1940
4943
3451
3226
1732
3692
4855
1147
2751
3722
728
666
1803
982
2376
3904
4314
2450
659
2556
252
861
1915
3277
4445
3198
3575
3351
3218
1686
4793
1722
486
3866
4850
4947
2319
1071
2241
4756
1955
1079
18
450
3985
955
752
2845
3458
3730
369
169
748
1878
1798
4122
838
3009
1998
516
521
2738
109
557
1634
757
1644
2575
878
3996
4226
392
233
702
1295
1249
3299
681
1902
4727
4802
2687
2615
2847
3537
1606
4651
3275
998
2563
4705
3491
2826
689
3287
631
3815
4751
3575
2181
349
83
1055
4969
3876
4206
3396
1974
4703
580
2137
2776
4881
2168
2085
3791
2403
1012
360
4281
456
2516
3624
290
2477
1160
1216
1111
81
1326
4072
3038
4142
4920
1681
2624
4429
2658
4676
424
4560
4762
2296
660
4317
3212
2365
69
2062
3893
4097
1308
726
40
1261
663
4812
1879
3452
1218
57
4088
3108
2632
831
994
4598
2590
3658
2299
906
4004
4564
890
3240
4606
2809
1198
3821
84
3473
4773
170
4406
4599
3416
986
4
4299
560
3405
1323
3151
4086
2117
2630
4919
875
3797
2146
3009
4434
693
2207
1762
1173
4050
1612
1594
1301
3817
4388
1161
2942
322
458
934
2268
1235
3607
1187
3500
3205
201
905
4587
1433
1366
2415
4870
3779
4813
335
2805
480
1933
2326
1792
92
4925
1339
802
4758
2653
4352
3673
1768
4748
100
3116
753
2490
288
4333
663
1441
4622
3338
4243
3270
4650
2994
4461
4377
2642
768
1531
604
3430
578
6
2159
3276
636
2153
3378
1527
45
4621
2706
2098
4332
583
1061
1499
500
2366
1348
2242
4681
2318
1768
737
103
1204
577
4838
2006
2043
837
650
2855
1839
3385
2218
4514
2104
410
3768
2854
1197
303
3127
4021
807
2218
1551
2555
3334
2105
4005
658
1824
1015
309
3976
399
1053
4787