50973
83669
89368
65262
61254
15170
34972
44529
23181
94205
30051
91091
50142
94545
51004
8137
17833
77221
3511
18897
31185
67027
33662
27468
78383
17175
57660
84538
21753
38045
36410
54693
62273
4525
71840
18003
39160
34844
43989
25841
76551
79125
28855
7743
27106
87003
75509
26720
88057
13865
9104
25843
58079
83913
52901
91264
35051
38011
94987
18826
53329
22780
40802
51487
92125
84221
94232
95024
13628
67258
66620
81982
99626
84066
39347
72470
11705
98002
95107
25423
22055
12457
80082
40393
80446
85373
93758
31134
76891
11567
83760
89434
13928
17291
21352
30612
1683
94726
78628
29972
10946
28210
82203
74761
68445
8778
84939
12180
44772
79651
23902
68483
49200
27814
71139
68347
25516
23163
63023
9949
56225
35818
19269
90801
66115
71576
12004
28061
11238
61852
69328
95934
74053
57352
79493
83444
59559
48706
59726
47872
77249
24961
65965
8417
29822
23785
68102
99274
93116
34459
27501
17368
89610
57803
32820
88424
23029
64092
21207
75074
16436
62103
21536
64855
60154
91248
46789
75235
74779
76333
77699
63400
20185
40883
52814
2989
94185
76513
59269
64933
64694
56126
19056
62173
79293
52189
67256
54870
11416
43637
49072
84784
18756
49341
69473
91407
92827
73185
70153
86732
19330
24849
3744
24057
35750
91645
4576
5256
80291
51439
75021
91707
55638
83828
356
36480
97094
94346
80916
71518
63310
44433
70794
48294
97518
36958
93522
95887
42460
87366
34197
87979
11053
56181
45359
52550
58867
24947
76017
58048
94707
37304
71840
93979
58213
29289
48289
30822
18967
5997
51669
1966
50494
42028
21242
57927
87524
17446
11496
97848
28136
11043
43257
82031
76825
55556
22248
4543
22905
18338
38409
90896
68232
95551
1945
2395
63068
83606
10579
37564
72642
51177
17468
49490
1009
39361
32155
44480
13919
3195
89436
85032
52115
69893
24709
91818
2344
39090
48611
39519
97824
57439
40900
86174
31089
31353
90938
13558
49346
86661
82890
69252
61692
83536
56311
16331
82188
33499
6664
29302
79934
69398
56861
80398
10901
1597
3764
54868
62247
7247
74293
66410
91478
11367
33474
16088
18773
45169
20133
95154
38650
79096
22047
25044
37000
89145
69810
22448
25774
49997
314
10248
16490
51610
12525
346
26140
89544
67188
95180
27895
2227
75278
94856
42719
82546
30728
64993
72281
69461
26194
21698
59629
44428
58949
24597
13121
26807
70180
90947
52206
16225
50329
52788
97742
87049
2028
42357
62254
59295
47521
98313
29948
19887
44225
16779
80605
88513
89545
86705
49064
29949
64392
63773
47808
37373
22520
44156
82120
44805
15879
58540
39197
90927
60165
11798
4909
82533
87106
33389
40477
44182
67035
54191
32570
75766
67469
72382
49930
81613
21942
78217
35641
35047
57085
25066
82860
41941
87569
45771
75853
43068
76953
98113
50185
81265
43314
40202
29831
99089
31214
87327
44050
4557
63590
51288
68255
77088
13738
33940
57831
45820
31943
36894
79414
59266
85754
76974
47429
42187
54084
26722
4999
70428
36723
871
99979
73301
35002
33622
71781
70552
39121
25387
34612
49170
24240
48919
97056
64238
65275
17010
81275
94748
37943
60413
37922
76128
36714
75179
64944
87136
55913
44868
7262
80609
27000
27886
2229
77075
31152
51922
47767
28279
20395
33104
20516
13814
71227
23110
2573
20090
97692
71921
35662
54523
25504
91127
53521
32037
42347
75545
24026
32870
1650
9298
64210
9794
92810
45901
37250
16
20717
76233
95469
7780
83527
86948
40781
6726
85838
20431
25673
49193
50476
95014
51135
66816
22318
76283
15842
57689
68804
76015
70557
900
16407
78870
77008
40035
61241
96800
98787
29817
29166
14495
21940
19836
91271
93990
36477
66080
24086
676
31139
27166
47132
35353
3538
51432
7842
42727
74307
81508
49849
4023
31212
53547
1382
8096
9497
43281
60719
93438
47891
3667
57314
11505
21081
64756
15464
15963
55762
68341
81860
67903
73339
97907
86001
71532
5788
74598
65755
97897
14168
67715
27614
1248
17427
3835
64269
16845
91492
37262
26640
22166
954
35033
5122
28527
76653
82465
75263
98508
31531
36784
22280
35978
71323
51846
31139
74739
92226
86291
52148
53534
88793
70600
45994
38651
86686
59139
19102
78271
43817
89712
7726
98550
29420
38105
56734
58287
7044
23377
4751
21278
56867
18715
89729
98804
23220
39604
12276
20399
81998
14114
76716
33494
7117
83857
60148
93520
48140
38686
28423
12459
26008
41552
16510
41566
87730
25368
51560
18010
13813
7918
58701
51225
93462
15474
51926
73259
98891
42685
41879
1691
6353
14765
93382
31264
65569
52398
37791
81568
64136
22323
57423
53236
20875
33131
42606
81465
46421
45777
52469
90283
84641
57156
61190
14107
2624
89573
7341
3182
33878
62040
49971
51575
55185
55072
95209
81596
42864
21642
85431
58859
22053
35590
83861
97175
12831
51209
84185
78040
22168
48867
79719
6703
98006
50341
30646
24281
23132
11726
60348
44979
94588
11772
20044
69085
94227
2462
57773
80614
39003
77702
27986
55040
49084
61403
95689
66259
28440
93800
86809
57848
11722
94218
42617
65160
19894
88023
21586
61986
63661
74847
96144
27186
95321
91317
13273
12443
6007
10664
3328
77706
41331
49472
64112
95896
41694
789
65826
34548
3929
83461
84209
67311
97330
31523
10964
38632
76980
89616
24177
43177
93685
9894
91953
59765
73994
63188
92977
53401
35830
9128
8649
98312
22670
11411
16061
88184
1613
85354
70345
49886
55610
50952
29148
48713
21987
31744
20163
83358
1797
43122
96359
18196
20265
57556
28431
78038
32003
54011
96383
56280
87988
82190
90704
42756
32584
55272
73858
6079
60390
24576
76985
56271
70205
51404
18139
86592
50767
99940
14885
22733
57317
15317
85054
55106
41032
88985
69824
89959
92170
32895
53462
65542
43053
14828
78282
27846
69952
56950
34022
31785
30222
38291
24911
6414
47571
28859
25759
33228
3344
50889
10725
9281
46121
92304
57537
71092
34049
80155
2847
15467
62357
23482
60982
26114
71712
78654
29711
39479
9432
1479
60524
13516
41537
60545
91331
73282
26647
37259
39733
21392
83376
61814
13362
78074
69484
98271
41572
26735
4257
74199
89199
72367
78277
32334
7039
46116
92952
26630
62165
75147
82371
26598
71710
5418
11756
40055
25690
54707
45149
4322
78070
49246
71612
71857
30644
46685
99567
75034
37726
38574
51693
23398
87087
69562
92024
26153
36768
43121
55215
75266
60912
13002
21514
73336
7270
98215
9670
11459
59725
86970
14864
15111
57823
83017
5866
71551
76117
99699
58712
80726
29384
47471
2016
63602
16578
2151
45423
81606
92407
78283
74888
88821
58278
32163
92578
45933
76332
74862
93834
11369
38546
79351
96696
55327
53347
5537
27879
31417
9930
41249
99336
47879
89030
65840
25381
37542
8571
65930
31929
10249
97558
3980
10934
35853
32550
42823
75343
75308
7956
94443
57186
92657
20998
81027
80724
43032
25675
47714
34251
98677
96204
92226
2704
56128
96740
19183
39326
22429
98696
35773
77499
41966
68857
45789
97374
96219
10690
64682
78650
17270
8556
51825
28304
33661
79987
68313
64583
20657
10747
79918
4349
45069
29536
64287
81614
87058
12789
10548
18318
45234
73727
3280
30071
12522
61523
39040
5468
77657
68747
83808
86962
43775
26798
31577
51041
46204
56932
47453
85462
54821
64867
64968
31086
54399
13337
90826
64323
6677
36236
68413
68841
60750
73342
52153
85663
3968
91880
90414
79882
67445
41357
36093
81908
29666
42688
68917
37599
75448
71020
10437
65629
26929
86450
22513
44660
32274
28093
99524
62758
90098
77507
3424
62441
90388
46546
23768
24356
92030
80221
4367
90244
37399
79567
34450
82244
59849
48820
19335
13741
28317
21204
21518
81044
65670
98009
37787
87164
36167
7589
71288
43905
8680
13294
69829
14214
32277
7015
57740
83152
93512
54619
72719
94927
91370
7911
3575
79049
7138
83250
38014
24354
87645
64188
50457
61865
22300
80284
5476
26816
51364
12977
9292
85023
96176
88828
50335
78443
63245
73932
33127
77138
9301
59009
57380
95253
62138
32007
36689
16544
11248
46548
44074
25688
27495
29240
61510
67813
25549
23942
92638
15306
50457
91659
96390
12433
75864
18662
90104
78776
96897
89270
95984
286
16975
2965
51789
38672
35097
9629
50402
96758
50503
28551
67804
45646
58534
96038
57158
51916
22257
35177
5475
93888
11766
56885
43429
50644
97666
88950
42322
83718
23649
9436
67064
38618
93976
32974
36984
2752
99482
25501
96165
28281
68736
88297
1781
8237
49629
96948
20673
86225
49853
36684
10817
1216
27179
75092
62854
61191
37479
79746
55019
2920
31744
46091
96509
2669
64836
95007
80017
15063
64879
27367
92016
31328
19783
82518
8367
39172
56646
33638
88892
86241
28813
90990
10518
47369
7351
60201
80429
88190
45092
35514
22996
50456
2137
88896
1849
49103
27511
71041
35286
18007
31196
84087
83476
38281
62232
93715
18446
18659
1202
11515
75298
4895
90321
27220
38150
18824
29514
54258
29908
76299
65333
78339
23963
51060
32136
97756
15231
78513
38988
67648
96315
9211
19127
35319
37131
6615
95273
70614
99513
7625
67127
18156
61421
20519
68008
89520
12017
81489
32003
53062
58885
40770
91195
385
69342
7227
86626
31279
10305
15052
26957
86903
56628
6526
85293
83238
94930
91479
82684
8280
57174
11810
18293
29823
39020
23172
70289
29811
33867
74210
35212
7384
33960
40396
47369
91902
91671
95952
22386
20370
53298
47188
66756
24425
62115
84458
99657
51733
793
27392
73905
24811
64912
41004
19416
61150
11994
65220
49383
93526
82946
35795
98917
31941
452
32799
9184
29158
32003
89099
34744
22172
74931
59998
21551
17761
92449
35731
40444
23422
10109
79475
22094
91061
7928
4852
1428
40771
57307
579
48791
18376
28397
22829
2878
88887
81607
56980
88171
2531
36276
73695
85453
72496
23504
83603
70053
44161
40894
6895
25876
98013
73321
12933
4177
85599
14470
25511
83106
27361
48945
87715
45602
79141
49894
10478
43234
77784
94303
72152
80958
66694
46262
82340
5587
88249
72976
14484
18231
99039
78135
31383
83990
10402
62312
33447
2865
56448
55888
23432
97611
12403
54635
6957
80548
90495
6722
57271
71115
4966
52727
57443
45725
78451
80281
23226
97157
60099
52954
77532
4156
17694
25409
48025
79587
6691
78052
51337
68275
83305
39779
12130
45732
3357
55424
31870
15396
17347
82648
15451
31002
40573
11314
82309
34391
14165
31775
51470
76428
25047
88309
13021
27334
81396
63222
40727
64857
13318
22979
24757
55378
36289
12201
43704
93968
14236
54805
65181
73264
95750
74630
37496
10316
38492
5032
23294
4621
30056
39589
10208
67715
45246
69547
11713
16448
65214
93337
86876
4158
84968
21860
1068
2654
30719
57768
40510
8252
26452
95481
16050
64464
20231
43521
98340
3971
29129
24905
38685
70252
64138
59863
17032
58649
32470
59428
73464
64581
60508
39595
51080
72457
39855
2086
22807
51433
53520
56652
31098
80919
70318
12677
1537
35026
40471
40074
42514
79066
84069
27298
60772
66350
95288
93859
87554
30688
56727
38255
37710
63472
71530
40436
34498
18742
26308
34987
89221
87964
67658
54360
53775
2700
87519
20430
49221
25495
21284
80080
48816
51667
71081
78373
21189
87419
91817
27673
43869
64979
14391
46757
4385
27286
57692
51296
4702
30592
6947
57303
53685
6012
95854
13240
96863
26030
62192
56031
2541
89285
78436
90976
20956
48852
9034
51764
58536
20287
69485
95503
32034
67163
75211
92611
99657
66546
48188
11237
48866
36126
44667
51844
78807
29343
70315
9937
78962
83509
88225
14009
31883
89080
9098
24515
65100
5299
7362
55968
53654
6314
48402
88639
87155
84458
82409
6030
67038
38651
87361
78170
14241
92270
90296
99081
51483
97071
72700
7200
85173
82525
35294
69929
46930
80898
55339
24523
12448
7639
74986
52694
75350
9316
57783
7757
59451
60797
87110
85507
41398
69684
36470
63953
98386
41775
89732
80783
81564
37689
97777
24425
85960
98120
40779
39254
92393
25305
97208
16400
17868
51951
591
49633
98533
18062
67867
93119
20406
17407
22399
8776
52400
34797
60291
87198
21710
67496
40265
72780
30045
14574
81283
65528
30973
28699
48674
54258
44362
67094
80101
39352
66449
26343
81011
45394
95804
71311
52222
52971
45543
34429
81532
65012
43768
39978
19089
23242
39077
42578
89344
12107
12595
26166
4192
88674
96218
42485
82626
95306
75053
78125
45087
65786
21706
48670
75123
43714
95475
54818
74237
43054
29006
85218
18949
35012
36860
2825
42625
71658
3245
18967
26361
80909
92723
10597
27292
63675
12412
86599
6092
97047
62607
23548
28302
27411
24374
35480
38076
1645
95334
26219
79667
46033
28086
87770
24247
69318
86324
63687
79563
96239
19313
98190
8423
40034
4288
74369
33676
94162
15907
25614
38084
97084
20258
94994
35146
98149
91337
69696
72314
28671
44402
61310
17694
847
80517
10796
38422
33011
77387
90669
70018
78465
76615
73214
79605
11736
20304
60613
79106
92716
17002
50894
71739
55690
71911
49845
99166
17868
90831
73945
31325
29766
33473
32815
59898
3666
60589
14626
16540
59036
69825
17154
20064
67881
22104
99939
42596
13469
62273
49954
39787
19077
30738
16239
24581
5938
32072
88977
78909
86440
65868
8994
87116
65369
54734
95896
31582
89025
93228
83784
49443
34011
22372
56727
44024
82845
26766
17586
36372
11261
58375
86214
65939
22956
26960
99868
54057
40613
90668
83356
6993
59042
58759
79101
4837
79455
1998
32917
74048
40917
74305
92839
28612
63825
62281
91514
73833
25923
45194
83230
43005
13787
21907
29786
51817
89326
34616
15366
90703
4398
97151
12950
67014
8719
7888
55225
96189
79865
1540
1886
68665
19199
11378
91095
24055
56060
6682
93461
60197
41314
92190
65773
35417
70542
76872
40472
42282
50262
26322
33375
63164
22202
3328
54291
97903
36903
99999
52951
54816
78647
24106
6895
39634
21974
76776
95357
33037
95334
81890
32911
68718
99509
19331
50684
37782
4311
38101
25139
6050
2673
35432
43522
3610
84392
83298
52480
65785
9380
44724
33696
19765
58406
21282
55730
87540
47566
47692
64778
15755
86982
82946
82809
85308
24266
69485
88203
4515
12598
36335
14807
30700
49234
55856
63503
17197
44528
7718
92670
27746
95640
58775
58713
98171
56323
43674
93448
85151
46481
23339
12011
28643
64058
54065
17885
71113
998
17999
59820
15166
78431
66575
90008
70023
35494
53510
97402
32964
31103
44743
25042
53675
96582
75724
26659
51820
36851
19106
71222
47048
42442
74033
80854
94299
2829
81009
92842
15295
19302
30334
74894
21793
44907
32335
64183
38413
3508
13442
8922
90914
64018
82838
82744
73818
937
30786
88971
47104
46613
34859
30369
44435
6678
1232
29911
4690
39435
35551
5109
89393
86854
69560
78706
79321
72087
80878
83592
94613
65103
63854
4603
27423
87696
77341
25744
28665
24539
27045
82446
54004
73455
25079
6282
92810
59636
61792
83697
3059
47813
41660
2331
11445
325
85455
84638
73266
63572
95346
83349
49751
16868
58151
64974
81508
34705
37183
5479
70660
67826
53186
48548
82267
20480
31577
8120
31680
79627
3220
22302
25328
55747
95084
45088
65014
76301
60127
65324
82145
88659
52563
37226
7023
52867
68733
81973
88280
72172
26714
92155
4996
42991
72607
39931
55371
55362
49596
14270
77921
45435
75956
19650
69918
30266
35064
54708
9394
26254
77803
74417
71743
98157
88804
42059
70997
90374
88670
95171
83126
30687
39933
83665
6731
61349
53031
65106
7723
66847
18863
46618
18960
31051
37734
40243
88367
52978
31682
24072
73634
87781
33629
17408
55850
2775
7480
8853
40703
35641
26349
28231
72654
61783
41126
91967
66701
85268
11458
95117
71933
53245
44851
83157
41824
58944
57777
38843
2553
44737
23921
76283
43518
82751
21375
31780
60884
97319
36760
89647
33994
70917
3341
4356
30004
53321
429
87538
61255
38748
90007
47132
47223
23321
31814
55286
24972
50806
21113
33057
80206
60353
75212
33986
22712
7504
16190
37046
27056
96475
93221
88850
68688
79177
89245
94217
32252
56459
35811
75043
41721
95689
57840
94584
40905
54002
11013
42523
7113
87991
84807
92191
85474
19739
15351
8590
63756
21568
81473
57605
43867
69473
28244
46652
20559
30440
87750
13836
80343
91261
20053
6321
65658
68066
94153
85410
75527
17532
76524
99359
51146
71198
53308
20044
65788
25070
61445
16856
92890
99441
15762
14165
64768
31621
27280
32014
95611
99837
7527
83969
78532
38574
10422
46712
58483
36233
96340
69691
15174
45435
45879
93533
34029
85017
73017
42251
6788
52762
74177
61616
88020
60286
92766
27297
18716
84683
72341
28218
32356
11673
87574
69433
39871
23542
87821
19583
90896
10908
18988
11140
45795
37275
70327
63942
33554
55813
24623
52784
95320
57430
87145
14112
53794
15713
38185
49648
81835
38316
85399
58548
81345
95625
9704
9408
40078
18880
87368
47284
60473
17264
84596
17932
20997
66828
11144
81056
43052
3164
57103
56277
21191
60604
53978
58967
32218
15152
88598
39788
69910
85852
79177
80847
68220
33698
37584
39201
81009
53800
52875
82345
74009
26841
90159
71590
75860
35451
41770
37685
70246
56609
9496
85585
65889
63071
15598
96890
61436
29361
39892
3883
90837
61933
62666
99377
75799
63271
60105
45239
54652
34685
39515
83944
86781
15195
40390
79690
35582
7914
71081
97993
74254
60937
386
77830
78357
66271
85854
66377
67632
40180
64366
68256
22427
50929
1600
9607
50508
4630
72130
43854
89961
86020
75846
26033
51473
50213
94888
64973
19711
91792
99725
30440
31476
59203
1287
22711
80974
96094
53967
55920
82649
46305
17914
57172
13473
81366
52548
57014
12334
42984
52174
39479
296
99348
11147
66351
58496
52557
7682
86360
84907
57092
24365
86492
22402
83977
16582
18507
12529
97850
73654
22174
94797
24728
44101
2423
55405
52298
77594
41507
82294
8062
55260
49028
18315
19356
66583
61667
81678
66758
23544
44617
5195
64314
2091
31838
17075
74984
89987
81724
91542
54699
36212
10634
50430
60846
52872
75234
78345
89021
33778
35521
55081
55015
91478
2542
1245
33276
99676
62287
5443
31636
68101
16761
68008
49192
74498
13782
20772
30501
93362
22742
71497
8429
72444
78424
3129
22686
32210
54732
35216
2604
38952
11791
98126
65843
73148
4918
57082
36732
51717
16449
82090
76202
21133
71118
23291
67518
13925
83657
50908
48805
55660
93727
24431
25585
53579
29884
31363
39087
41768
71778
16070
54805
78508
34686
22194
64137
54557
35728
24035
67794
73629
21651
19324
94855
94547
76513
8434
38976
26864
71827
91987
25565
15582
35602
88956
87527
95603
23437
35144
69853
82518
79644
55696
11956
96899
10733
99488
39697
40014
29629
45973
70985
84488
75363
53438
98508
51535
24667
4448
65266
85718
83452
58708
60808
13163
60749
10438
2550
53434
59890
89232
6737
2092
90900
98501
5245
76428
30477
67737
7545
48194
8602
77713
1106
64174
74084
90303
22408
62147
71859
104
81820
50431
36862
26651
72982
4087
32886
78418
83788
32209
28801
53686
9898
32976
74544
25597
56879
95419
98973
67817
84827
36527
19716
31120
72023
22484
60922
74669
15096
23165
52472
3636
7488
35137
9477
97120
50424
4093
79798
9172
79611
77957
40890
78334
46666
43535
42328
72236
75461
71026
20557
90122
49796
64305
79211
74561
39561
41306
81409
96953
73340
37954
86138
77426
36907
97431
70492
63822
50503
96333
10120
17776
9878
59988
6445
71265
10354
98400
48934
22228
77691
54874
63794
3212
90269
52474
97389
61851
88487
83448
93027
53808
13751
81248
17634
8875
17927
954
18313
39576
24463
6410
89875
41538
80677
8923
19153
44941
96068
8648
71648
381
20784
553
52960
91706
50000
665
17922
38578
22919
6183
26188
16142
11281
88696
29448
9428
48139
98294
60929
22711
8340
4591
96977
23467
97717
8513
61860
62908
55073
13191
61962
38020
73912
94029
42019
7985
40550
41288
12530
98086
39830
19377
83992
99338
36425
62471
47657
47189
29880
38087
98317
91585
59070
42386
86393
87951
46089
9947
43878
67745
3949
29526
16817
65991
50616
24030
33132
69820
15766
5100
99239
86203
18033
23000
97501
73777
56887
42002
99656
66783
54967
65174
68582
53723
68656
54797
87278
34366
48321
27278
53653
57096
53747
77348
30288
95659
15783
72904
88235
73479
34967
79430
20871
3871
96835
97977
70326
55185
4572
92553
34543
91253
13771
87906
51603
70644
956
23761
2403
47860
67476
98990
55900
54627
73411
15375
47481
14844
73462
8827
82033
88355
85778
71460
82867
81687
47746
91948
26777
26619
72982
94397
9163
73954
85381
7302
21172
44231
12376
26662
74132
90636
77341
17559
55567
19436
16455
76066
91055
89475
76332
35413
92749
66572
73429
26425
14229
40710
65033
68386
36476
34524
51450
77594
62172
82230
95073
25107
10345
87353
95716
48707
21946
55851
81926
96186
65818
87708
96469
6250
58084
93070
77864
10641
79479
6157
78182
69594
72531
42105
19843
46749
56147
52778
17219
45462
71761
40737
67516
77564
47999
94644
62743
71101
9959
51712
86749
70068
9022
11743
13467
94704
27099
7376
89021
3886
12273
75286
72916
76970
49239
87367
4593
69251
31225
6408
19177
90421
50942
99609
73031
14246
72346
9883
43052
48942
4481
16184
42802
44569
15264
46954
35266
1395
44440
64146
23925
16454
93576
35614
58460
35021
44177
70860
53717
34285
83261
83230
18176
37983
54854
68982
27871
93773
80205
71698
34298
87372
8784
1057
48523
1660
43392
98440
63243
21950
48607
83686
45690
11493
47753
27980
53469
75402
40134
16566
55532
43523
25274
86992
62412
56668
34611
85541
72859
34381
71870
52771
82225
70868
30619
99984
21742
50106
40806
20720
42548
32170
46004
37299
48160
54715
88406
82044
44529
12820
7914
64575
11545
60810
73772
14404
73606
51930
46259
46004
95988
94892
33275
43618
36299
90332
62030
78998
2773
75185
55335
57928
84415
39044
17061
76928
15519
19743
163
2701
66138
50109
69339
48881
37708
10711
80010
16432
17998
65938
60135
67958
49347
21104
51570
18845
31866
27737
94071
11543
53597
50175
82836
34158
13990
41648
76587
82479
40420
90189
34646
60491
62399
60297
48341
90264
83936
40957
98812
49651
26505
14285
63087
24029
86750
23280
36927
92589
41420
32511
67748
84888
43440
94676
15376
9698
69346
61472
50224
73503
9180
82227
3584
15843
10838
45716
52339
55237
70901
38040
1972
70769
97480
56858
23765
87949
29087
52740
95060
5084
2877
7016
58236
76466
6046
77750
23007
88682
99203
43116
70716
83169
82395
35111
90437
22504
40327
37188
79239
63187
91071
98948
35826
21369
43778
505
24063
44123
2482
68699
70526
51336
77875
62428
51821
37633
56740
24033
164
72580
62111
75083
87378
34190
46392
55105
51249
88683
81614
59067
67978
60204
74211
87605
29396
32119
26743
55525
82763
43813
83267
90217
13679
21324
32784
27753
24077
46997
72177
74038
9955
85293
81819
6166
40901
18928
38580
89282
76163
20849
33524
43557
67471
40160
80387
55967
1550
41867
55846
9024
2467
68400
67649
34559
59316
63367
75362
66114
63265
66432
72755
21829
85123
24839
2898
12721
27762
83842
63684
74472
76396
68211
90739
73071
32786
10016
87102
35336
506
78684
38138
14865
80561
64179
33269
65330
60926
51568
95754
42452
1761
24051
8986
43944
53944
49934
14229
77542
53463
24956
82687
44502
76539
71922
22129
33630
37052
94437
88849
6990
47613
1976
1437
18962
37106
28457
87520
96661
46015
7034
84026
52300
21382
67138
38030
3681
51854
99277
83302
50945
39541
10127
86308
9399
16974
52947
77163
45735
39297
20823
30358
18664
9374
90806
92661
36807
49916
78521
53002
37326
35359
60807
31578
6631
78759
95656
70457
88704
14446
54638
55641
72081
82872
33296
89101
51206
12375
87389
81091
74252
64138
84974
1803
55551
59565
64926
30292
81708
66111
74133
71940
73725
91109
59471
77516
19786
90937
36319
1293
93042
49130
80715
39418
94119
69272
75977
47372
37345
5352
86182
28216
1037
34099
50283
46029
85357
56794
75828
82516
35191
18163
22094
200
53877
25131
57074
82991
41426
34444
30578
25267
89706
91478
18266
44093
18809
68279
20448
5111
54939
59109
57169
1057
61157
84372
77233
88520
14481
1384
76601
45517
15830
58356
49987
60740
55968
92947
64772
98463
61032
82446
39377
24654
78026
98547
62399
91864
60216
33216
85240
28106
17162
98176
89682
1348
19284
88756
32734
66264
9998
15223
67392
31963
93837
12933
99651
717
62087
68496
59318
86032
77536
58808
19408
6140
53886
6708
94185
97134
97511
92429
98456
48193
43165
49656
10364
10049
3905
24165
93759
10053
42843
49414
35163
51035
96952
16033
92017
78226
58645
75791
78166
29730
92968
14584
76908
89740
42874
41040
5233
65759
14975
43062
78973
17202
46122
50364
24726
82431
84324
63889
65090
99338
15065
37288
41634
40842
59830
20575
92668
4059
43692
15208
53362
53518
21514
55809
75487
62544
97894
57219
91430
70104
72727
89991
65601
13984
78187
76779
47708
30851
26676
7528
95955
62239
30979
12522
23401
87375
76709
95035
66577
15762
69634
22430
46534
14876
55902
13301
50090
87790
26077
21073
69904
64729
42397
68809
21471
23404
75734
29366
74538
83422
87332
8917
40071
33144
38479
61881
8173
64304
50595
74480
63158
46306
38628
76678
8650
5141
31130
64846
63128
14762
49240
21233
19218
42455
69663
6208
76512
9116
72325
95138
42384
89177
68986
76119
69613
49366
84278
30080
10168
54650
99794
43308
36757
47418
74768
51258
7633
98018
78165
27962
3130
84161
86856
76635
71759
45401
59662
89974
39518
47761
85978
12291
12360
30048
21743
65000
57161
77188
83387
63337
81042
20950
69548
92775
77281
8617
36379
9275
91534
39387
67381
86156
72493
35482
25484
13903
18823
77426
65556
761
38212
12133
60912
54320
2546
68607
38185
75616
95642
14227
14835
72417
52515
85781
354
34079
10614
72165
90430
87177
64116
65222
48005
73930
51416
16401
79865
67424
16671
51694
48287
28148
56252
65279
98639
3759
38209
47042
93174
14496
89447
39173
20364
20033
24753
59305
2660
57330
90734
143
59689
26624
97896
10285
11902
9078
34852
75739
56366
32533
34806
55211
6620
10884
94042
5124
1792
85527
53918
36899
52747
93180
58992
69246
87222
47233
13524
16912
65306
47355
19498
25079
85004
27290
65653
34274
52674
98391
73652
48159
47587
4668
66385
39539
79154
65359
74992
56802
96324
59112
81904
82149
10518
50073
46064
31932
75172
21270
3427
33877
83299
85026
47739
16847
62143
62656
17837
99897
84557
44937
98839
2177
93457
62592
54763
40251
90399
84687
1533
67946
9097
10539
89424
31062
65158
37685
47093
80561
74517
10783
73851
19709
16418
27954
79203
76873
76411
2189
65858
63217
49768
84911
37672
2872
33798
73565
30336
31444
34622
26560
11643
63904
44592
14595
65362
26100
93176
32983
12116
46397
47237
94968
66487
4476
99675
57872
27354
99724
79006
13034
1239
92397
19757
84442
4323
39686
79302
87015
93872
6702
62585
4754
27635
91607
57414
62026
64792
72897
86222
71289
32459
99482
54075
30132
72450
38564
94296
8458
24175
84041
49734
92211
15592
62993
84010
3864
6041
13593
15195
96310
96157
37290
73693
2034
1425
49422
44243
87544
32071
8114
28553
29140
49210
1848
58550
23153
26076
75130
82538
18062
56899
70595
56774
25228
755
26351
24344
37925
86205
93827
47722
64578
42127
42186
37455
321
78795
86602
7198
98273
28819
23361
96308
70603
15199
21299
96554
77177
54478
92325
64842
25136
71203
84974
38838
34967
60584
7112
58776
72008
81398
41370
87731
89844
4275
51620
60847
67689
56308
89772
88299
27259
46583
69615
60853
42783
9007
26280
55264
64683
45058
23907
91216
97013
22554
81890
1650
2621
4958
90207
55859
76618
74840
39597
46338
48125
57667
6830
56261
8938
60000
1365
61904
70961
51738
34335
48594
20643
28354
49346
53358
39617
14710
84699
88383
52976
5043
36554
74217
80387
40235
32250
24266
32802
13897
503
71046
39416
65649
5898
54942
70135
72071
31994
27831
80896
2089
57822
12875
63382
55872
93099
92649
84651
18226
72654
45353
90011
39448
39487
93765
98125
21155
33307
65587
23474
91927
93495
24982
64468
70030
30803
80899
96147
25079
22143
22350
85027
44381
59616
75404
91120
61264
65776
93612
39031
78136
22248
79200
23541
64822
26255
40481
88275
42255
65768
33417
94075
3102
29409
77195
52416
61410
54364
96826
249
77231
58736
5523
178
58219
64877
12999
99709
70902
29444
20558
75704
34715
17831
71768
21338
20600
25472
46931
34502
8185
87930
58084
15826
71967
59816
7788
63606
81813
74556
19254
65663
30331
62994
54232
39676
2892
25925
27123
20929
4671
67563
62478
21403
97524
98896
37799
75058
74039
41454
68748
67760
96151
50229
48999
87342
39263
62624
63195
50227
66919
3504
37651
94062
59073
88652
1733
39321
62055
53300
67089
14150
58499
32999
54535
88418
88720
13016
15932
40879
5783
14352
97198
5683
95447
34974
95176
38208
76108
5392
24132
43439
41344
51130
67625
85016
94835
21938
96011
53282
92715
83143
86723
17618
54170
85518
56036
62948
85782
63623
25063
86639
56688
47459
58496
98038
53970
53777
7416
88156
97996
64733
75717
21391
70358
53141
95087
99920
50118
45452
42127
63309
13113
60914
3342
80083
86407
59621
80683
31852
29277
74344
38295
22377
84257
74807
37470
16465
35734
82581
61812
34478
26541
49319
6506
42255
77790
50748
21191
82651
18077
56671
67709
13658
44637
47684
16552
42827
36113
31907
74162
59068
76232
42335
79102
55303
56732
48046
90754
70561
25821
26755
33404
35052
3564
96810
29051
63634
20775
46754
66100
9178
96915
26033
49130
6924
90591
76209
92444
58598
83505
73273
29497
77147
51041
9471
9171
67462
91995
39744
70642
27727
57690
26486
19368
88952
93117
57344
69486
24479
28523
87875
73751
31204
17238
54764
93354
82426
94317
14266
93124
95059
53560
76523
51356
31494
51182
50627
68934
20163
32651
36532
43601
48099
78164
75705
60622
12849
79609
56215
96798
3545
37743
92059
17978
46486
11312
58445
86450
69680
75321
26497
21172
60930
74681
24307
84264
70224
57647
96718
25809
54521
98136
81455
29849
91622
1165
4031
16711
99484
69122
24983
69125
84726
86272
47616
12005
98590
88810
13308
86027
52704
47248
61705
80780
68880
48621
61292
15648
18003
78031
41014
32054
94282
59154
61148
61740
89273
84582
59997
83210
54168
70111
16018
68233
39846
53060
31871
64454
86445
10501
51393
93836
42491
54648
30532
96543
8738
33060
8088
80423
72337
81110
96046
85422
70454
42849
61517
88879
6631
55448
43774
27593
24045
52011
49439
73771
34457
34397
55818
74982
61387
51445
7690
87180
84170
43380
13889
16232
69369
81020
75353
46503
10319
86171
63221
83678
23647
82445
46399
3709
79153
64900
17917
84933
62816
83167
10663
792
36466
85967
47456
46490
92003
36858
30410
26916
35625
20930
94135
62597
67024
88647
81437
62207
43710
11885
61924
32904
7791
38030
32073
42567
4204
93134
76875
42306
26923
73552
6151
56590
35646
31086
83983
90711
95435
70126
24344
86500
35875
85464
70928
75020
82043
90513
88097
33941
11021
4477
93845
72153
73806
84634
18674
34904
63938
23812
35528
93766
51612
4659
26173
21843
5704
38375
5326
75403
67562
78127
25553
1666
53011
9518
59263
88591
82936
95883
87709
31520
89236
13320
56720
58316
23338
19701
92217
20535
31088
6927
17146
50426
12810
64998
12774
5949
91847
41502
86536
93889
3527
59341
30719
34245
23695
30787
88490
54098
78331
52334
13406
56322
36033
70071
34498
39464
39025
35202
23091
37899
26624
97411
55398
23369
22934
69124
6994
93487
20684
7172
91228
93582
44970
74430
46915
22462
41897
65783
78047
17203
95438
4332
81282
69414
29020
91670
68751
88053
26931
45165
74007
739
82330
80351
60756
54472
92929
59953
54242
31690
64076
32786
26208
35674
20017
6695
54007
26995
61532
50224
97690
75067
95992
29799
6794
82260
71867
80937
78241
78
67147
13898
13223
65757
81768
15727
15795
93870
55959
80251
41646
30317
79098
19780
17585
82290
57036
62496
15493
8821
31673
87752
25960
15893
83884
40334
74006
17825
54295
73597
64512
21890
88966
26108
68416
63395
25489
27958
11412
91159
36630
74054
19221
60834
78602
54589
53774
63293
38446
87878
71973
31182
76837
98723
92327
55400
67598
37194
25251
26817
7578
36624
97119
79902
42691
87425
75245
74617
71546
72354
64221
80600
54591
98337
44597
78772
3854
35594
34857
44311
7091
17392
89005
33012
75772
68905
93176
70077
9428
57164
84670
64119
90950
77570
47322
11509
95787
33196
28254
96552
92964
13688
78103
25969
93896
46721
44483
35913
16366
50265
66682
84
2016
99362
71914
27931
96204
60935
92339
10609
78331
17892
52055
13936
77821
47674
13800
58247
85979
15637
3776
27249
36466
90715
47493
95507
32811
2813
92915
8088
59743
47102
62161
42197
14897
43069
55360
56952
83143
11681
33506
64506
93858
6614
6293
59731
56494
38267
32989
45798
37308
27047
25347
28626
58050
71
66444
29959
55702
89917
89474
87595
96350
98330
73067
93900
45096
65384
80445
67457
57524
33294
96943
55751
52910
31279
49269
88642
14598
71426
90745
75551
25380
60140
70225
42418
4426
59943
35498
8055
91524
73917
6176
40475
4500
43406
33369
95802
16196
64997
94738
92914
71923
41507
83246
80167
29095
39952
77582
41533
92783
52854
31705
70009
11622
26093
20861
39757
73324
90530
96325
73248
39630
97112
74286
7154
39701
34896
83176
1859
78368
13977
48433
91483
98896
80974
3732
19961
43989
10844
8330
47871
33640
1706
91712
72007
74933
30702
81933
9701
13240
76405
39942
83702
4568
78296
42027
13247
47733
83742
23369
75259
90817
2895
8477
55027
70524
71643
65159
6712
16134
88735
11820
61709
91454
77229
41260
64519
27235
50401
46524
13134
70928
59315
26229
18865
28748
98419
11877
30716
14170
99451
77122
27956
29854
47150
71843
44605
73768
81721
33927
29909
11376
75599
93733
81540
8668
87520
38519
37202
62032
65530
1779
46130
63362
81419
40487
2871
82533
53960
36298
63405
31185
38407
18895
72580
86656
34452
65604
21545
69729
88626
40189
89967
85064
64652
20469
13501
84498
38930
82476
63194
50483
22721
57837
62846
89094
78002
66996
28596
13245
49179
15610
65932
44349
22291
12298
56822
64854
87186
89889
86117
18322
94407
28092
19719
49798
80416
68424
6737
94825
511
62103
85524
67062
35903
90885
14772
89009
49859
46314
29907
75025
20322
53182
60391
31076
57173
5911
76075
37607
69509
17991
95452
39214
89019
87630
26027
40070
59859
80801
435
57675
27886
52426
62178
3509
56314
15646
57398
53285
71700
73953
42123
21386
69093
54731
50529
1523
48989
76072
4336
19331
60031
41750
28149
98133
32785
76045
39171
87773
75139
68788
69343
15910
69856
52998
65359
27941
9674
33835
67175
93604
74381
40354
15028
29585
2548
45280
23669
97820
10326
38565
40917
99045
29794
55025
82462
42059
80168
30233
4093
71359
39796
72381
7404
69472
51661
5182
10928
12909
95277
3165
39308
32652
86636
87510
74344
63007
74390
1207
10800
86007
67143
3885
29902
32389
27196
31375
68190
27168
41295
68776
97899
9716
39923
38858
3773
41466
15450
50157
18895
83958
97545
50931
51190
62198
81662
22983
95794
3749
88764
49013
27938
12405
61254
96617
14747
36577
69642
68347
40704
94207
6322
95186
46666
91971
46423
49659
18894
11417
78497
30240
852
53869
92757
4795
41076
80047
44235
14462
47300
39368
32833
63300
73129
80336
50996
71347
76947
71185
97994
77789
14436
88244
58522
78136
76901
2307
29357
65239
60967
77679
51603
37953
11994
83632
36940
34577
53557
37926
26637
27388
43121
5659
22589
7265
4064
49949
89877
62151
67850
3871
18628
46306
56098
29359
28820
22143
9301
4421
46740
66179
90398
44407
45428
87786
98821
6935
40009
18726
28356
98238
97134
69354
71257
80780
14438
6202
53880
30800
12690
80349
31745
38758
57793
27396
9858
90603
31455
48113
65844
38448
11984
25015
72408
44534
44950
92430
30825
29424
37260
31669
28829
29762
45165
48424
49078
52398
45971
93502
56715
18366
99328
63089
86708
40826
76397
37790
79337
9442
80639
87528
22883
92067
10372
7757
67845
64226
35570
5053
75418
24226
4471
63061
21070
4080
36683
2517
69120
74061
27744
43477
18032
69399
60402
88568
65973
36886
19526
3784
57153
42498
42087
64093
81818
44800
24284
52619
3759
96498
49306
57315
57881
67936
47717
96987
22685
55670
5849
25269
2269
52691
75880
89788
9660
53258
36082
58059
97252
4529
36842
64885
33534
18939
11027
65457
15371
66928
86737
81330
57997
91335
39043
50704
94697
84332
25707
83598
90930
27163
63977
38786
95039
40555
65785
91012
22689
92208
77988
82236
13431
32635
18728
57098
6763
29554
36199
84461
19560
98178
82308
37174
18646
91736
79561
66665
52578
88306
70448
76179
6355
67613
61550
65070
63811
11742
34720
93548
53216
25110
97622
39519
24675
84001
7264
4160
98542
89074
24253
7992
7171
40142
51225
25519
7380
99194
85938
89800
66652
15776
38121
17150
70296
61216
48533
95895
25352
9395
27354
96694
13248
4499
92526
23443
69094
47565
52528
5452
63283
62802
44874
24514
29023
39492
77951
73763
36501
24550
64744
20464
48214
15465
98943
18881
19955
80898
57199
36396
86354
71069
45721
98554
71240
51046
44228
53326
45710
57608
56200
74080
6199
81007
87386
24125
14963
25253
50568
67555
87504
2710
23203
80932
99673
78512
77346
93860
32315
68697
38821
4486
57817
71777
55504
11831
47043
24986
43820
41321
12270
54974
98107
47024
1289
86879
92336
54452
68648
49157
68189
85592
88390
80931
27854
93047
68811
45759
67884
66726
88365
54186
46642
12420
7427
28177
45949
19686
19566
1715
4564
78913
15787
25020
77827
47007
31612
48854
75112
46224
29129
5381
93401
92870
52533
86970
70644
32982
79631
81740
79232
32644
20265
82771
91085
42085
49553
88148
84105
24762
18172
54608
59448
42783
67545
74822
7977
13958
93176
72661
89152
49583
55935
42802
85581
4545
2965
71398
90542
27090
7920
93993
30208
80520
31157
47364
62792
81090
49333
40920
55436
67455
6725
50544
92740
73828
29897
86994
52172
46905
56632
13284
20078
18859
81935
62017
148
41188
55550
81084
39531
43638
32885
43075
27880
38951
24463
78157
59672
17090
26106
6155
33474
2098
33369
27935
48000
79983
53085
31233
57030
85812
44721
26245
3277
29344
25846
5652
19194
9661
6075
52042
96273
16179
8890
67762
20421
45671
46067
44938
97314
70590
10328
10705
72037
23513
54135
23948
53229
23499
39062
43603
18862
8221
61760
71650
48912
60395
3157
88331
67088
17131
71377
80251
21372
32744
60247
7505
67192
53066
1469
76438
42492
99266
30845
74528
80726
71088
55720
79874
58461
48942
1235
3777
2909
52241
80227
70451
73382
21209
18832
51350
4915
45041
53889
74505
27991
63729
14739
74101
66698
94189
21944
91212
70587
29685
4773
14198
54692
1698
85850
6943
48805
95609
5790
61797
88223
36708
62182
69742
68390
31021
88346
33765
81608
80254
9491
82057
61366
35474
66230
78280
83819
42508
19176
43618
29062
65618
22312
18670
19364
56927
61240
79952
76814
70568
89442
54511
35628
67069
61485
40657
52814
18670
62672
30454
46941
63297
25432
53876
21424
56004
42020
32475
60975
15941
57665
40184
64151
91081
28370
54425
98182
8085
18701
52405
52843
40221
91569
71945
83310
9333
14576
99230
67410
7155
89066
98663
88824
86708
33420
25922
21585
57543
68052
70760
29702
75641
83091
36779
92907
73293
49434
36070
5617
32622
91492
91889
51430
92113
72795
72100
72493
89487
20129
15880
9742
45681
93959
78632
23175
87556
36798
32407
16521
30326
67011
12652
68418
37574
24755
57663
61053
7938
63367
96398
12247
27423
26767
9922
73565
20507
50283
65217
38814
39071
14622
95833
66158
38988
50349
56908
94899
16561
42303
48826
65590
7129
63749
11768
43721
92172
49023
37012
14868
49023
26100
60531
73623
45110
33097
89722
80333
78150
40802
48894
42347
58687
3800
62847
85773
45536
76133
13977
25857
75565
61400
5400
4080
57164
74618
26122
87154
84747
5240
7285
52352
11716
45704
83627
9262
5838
4859
49053
26692
78663
22337
68205
51681
47684
47465
42180
68095
41490
46772
93932
72709
36432
98167
54740
25812
17349
17047
27643
55164
61578
16784
56585
57136
25961
17026
35714
46676
45678
90091
47758
29184
3187
96575
84835
46011
13502
77912
26094
14098
49425
35655
38868
28568
99829
56181
10908
12417
82933
77020
71600
95460
15831
30204
8769
81879
2258
80666
12263
14916
66370
61196
27714
50597
4163
91573
82144
53272
94887
8535
1103
31929
69492
22446
81444
52851
22495
47752
91886
79340
54294
32719
50897
67485
45906
89233
7089
50735
52568
91321
16371
77567
73562
36471
62810
32472
43943
93900
92996
750
76825
94068
49533
96461
74132
39824
19723
98540
76979
85301
84551
11310
42053
62885
57415
61430
66942
30672
72252
35655
57138
56104
97718
85539
12511
99095
16521
20152
62765
71575
94896
49879
94922
20914
6311
49462
8516
36381
83025
60223
35987
30782
66101
12641
55230
64520
13537
10251
7625
44081
12272
34273
41515
23543
74792
46294
60006
581
82776
75145
61128
34219
77091
91578
71504
86186
47602
39000
15836
16590
59296
44626
74139
34003
88373
15161
16316
77293
79837
52793
48276
53363
28422
95410
29181
50175
54392
78194
33914
17532
49305
45496
48
89522
98376
81065
18719
23272
82543
30271
65161
90975
2684
65992
95550
54201
86783
81523
31446
82927
21966
65362
29121
95436
65181
94704
10765
15672
81766
7358
46057
17886
44142
20257
28369
80519
9899
22486
57556
53762
10398
8677
23371
13700
44780
22709
17841
71463
62519
41259
46042
15659
76019
24784
81581
55001
88849
84958
52950
80264
71694
84552
74820
32410
96500
26886
97948
8979
80854
32373
89607
52464
46778
85386
7996
45452
34615
20556
78240
4375
2115
30159
49962
54694
18682
36357
82260
43198
57183
11500
38382
60354
51528
85029
74893
35996
46578
94150
90342
39744
29520
59344
20078
55631
12978
99321
84715
83493
85005
45471
54135
5000
61023
61735
4281
2535
35386
56636
98203
48649
65127
16972
13549
49487
5153
43953
9806
75582
25206
9210
50075
92876
95198
29869
34569
2005
3586
15453
42583
4106
7766
39590
67911
18501
67831
5409
7920
78066
39035
27680
76336
1243
73159
38274
93658
77037
3712
78658
99406
77591
49428
84046
24122
99218
42736
7095
18960
8945
46562
27273
19521
14408
59327
61732
12794
86062
95329
54376
33100
87865
71794
85811
56860
49612
26541
87227
91704
31110
81399
26533
90428
86531
8789
2564
7492
745
82230
26572
29578
75118
50083
66994
25348
13888
9444
10927
1028
18679
51990
44075
38418
91545
57834
90508
82706
37831
77288
33572
66666
24624
24404
60154
19687
51600
96633
71713
83593
13499
69392
22387
5042
6570
94465
32852
97371
99044
3494
99823
60529
49194
29398
84164
17433
22169
81232
49313
73498
69146
34819
37495
61866
79568
39149
64342
29382
19268
60125
37502
84848
48993
35558
73011
30009
34229
67462
51057
21778
36026
53686
5259
4030
79329
83513
71132
74608
42142
20174
85556
9326
2553
81767
8891
51153
81114
37831
11280
23936
19233
45455
55438
2466
87332
67990
83818
8378
37648
1153
70506
77704
7070
79655
38925
82022
17457
14800
94548
13872
42223
32821
98914
61699
74588
71260
72964
4057
98383
91756
10603
17428
21901
29894
20372
13668
98673
92633
61421
14911
25286
97109
49963
77696
91215
77964
55892
59647
34098
33504
14197
99618
94822
53153
68795
5283
1531
99876
67372
75867
28405
93300
73915
12854
71517
8228
29296
50317
54788
67386
98457
69337
32603
56133
38953
18535
7843
15185
4221
20788
51405
44857
89067
61068
31528
72200
6925
35679
99132
78186
77722
44438
76039
68235
3419
47251
55212
57832
51362
61867
33989
21262
93680
57783
48862
11394
67433
5038
76392
71386
98367
45946
62983
18068
12759
62485
26012
13378
83714
74294
93764
97609
41429
65593
42020
87407
99338
3024
69306
46739
11554
19519
16911
58931
9327
36962
15320
78776
98172
19213
92938
61842
41498
39740
55797
21947
14857
82941
94352
78151
24376
39947
60375
57919
79506
52791
13143
83037
25933
20209
78237
73624
48395
37415
50427
98750
86332
93945
492
32115
33798
15342
73835
32386
27120
48284
80659
1347
17677
2640
31271
53528
32032
59618
89571
88130
66068
70393
53267
62054
58330
90128
16945
62609
71897
89809
92238
95277
68188
3777
93546
84015
14187
76002
57595
73614
50257
4435
6689
13450
9412
20406
43861
74798
84902
86714
68879
84291
68640
1139
99846
46366
34043
28853
2683
80018
18933
62154
26309
30413
70744
6221
25473
25786
39725
18790
29095
78367
18658
87585
86731
70096
61178
71588
23271
13602
13174
19248
64866
25211
36852
24255
16950
25748
45499
43321
94769
34695
91970
6982
15452
13438
60571
29266
96411
85643
81523
81492
32938
22098
35565
52685
9307
77551
68535
76758
74258
74834
2577
37011
75935
70404
6190
86380
80126
29291
83312
92126
63617
93441
33387
81945
87319
97010
95987
80754
91782
80118
33801
64533
76321
34978
47875
44539
21630
79934
64908
68100
84932
52013
36383
18391
4292
57894
81873
84053
2892
53961
68396
91467
73614
91890
36713
81038
33007
91629
47077
39626
16690
88087
70190
80330
83336
46377
54187
97358
11318
41903
26971
76720
16742
43466
57274
52893
63876
10235
39741
85423
96977
75536
96770
29092
91197
98478
86420
72798
44874
28081
78273
84211
54887
22640
26456
46123
84351
58093
8297
47379
55803
79797
18631
74299
86480
17577
62401
84562
87332
51223
74492
18615
46176
94380
41741
17125
50775
50005
90400
77128
30160
22146
63436
50903
78241
63224
77384
54413
58444
98483
11864
33917
20200
32430
15927
76327
36742
53251
10245
35307
90220
87116
36689
70300
50607
4635
96286
2324
25335
4295
51095
23552
98131
30303
39678
47971
85731
75640
56354
18158
95918
70681
38795
52919
27539
69750
38609
23468
14540
11130
5409
82012
86310
35653
30176
31622
82103
64692
58778
99071
43519
40401
26755
46139
51486
7619
90140
9720
93278
11250
957
87646
12949
96458
70728
21120
4341
63248
90450
60609
66625
24828
35027
10344
27085
25384
81113
70874
59493
17890
41419
81958
48731
34795
70147
21276
86496
30104
12950
71534
79353
92436
15033
63379
20519
52227
53984
15009
3948
40048
91392
82929
62538
22325
42335
73090
21789
62826
26534
87587
50464
22124
10005
6548
56887
35385
85849
18276
1658
27897
62492
44932
23237
345
33536
48562
62994
74847
74711
45315
37112
26039
19840
24931
85780
25823
66639
46632
37055
3730
42519
56063
12558
90491
96151
92091
83445
7262
98374
24685
63708
3391
80108
19361
72060
49651
4848
87446
48936
74370
56611
13843
76279
59102
76912
32997
10399
82649
77526
14176
87523
97761
83728
1941
97882
90162
48429
66625
29234
56569
24731
28813
51151
36526
52205
52675
63059
44969
75777
29788
96115
75277
43530
16428
41562
86608
92545
47532
75864
82274
42535
77166
53264
69791
38195
1713
80999
52708
47282
8663
45858
23452
72672
361
29562
44033
81154
21078
74457
94276
95679
20601
71694
28731
54440
35647
11277
20042
19605
90928
56444
49114
44762
97679
85234
67085
14958
18881
40154
15602
6177
7074
35147
63812
47326
94773
63579
78160
11285
96930
27131
91971
1293
48091
25088
74911
87580
22110
59040
77969
80662
28433
53297
32212
98837
59126
42744
2015
85727
19579
27472
54173
64899
70558
24805
34141
98724
79412
64500
87159
4421
51528
44618
22851
1897
98049
97723
70597
74802
6379
75055
80274
76625
69256
59357
44465
36204
23252
72542
87591
17751
96310
35933
97174
24542
43932
99629
74076
69547
66530
5360
94238
74182
53201
20563
78287
67621
81650
44857
94303
77668
77334
97938
8
13577
36078
42698
29803
49074
27932
9253
33546
71450
10696
99134
65197
4108
16953
38174
37973
27382
81454
44636
88897
5757
25319
4024
63723
91280
9367
39590
38073
82956
76728
66662
53050
34915
38269
95406
93478
21465
10379
45203
67900
78625
70427
37981
6965
45235
20205
60459
55136
68574
47637
59721
85748
45745
21640
5296
16357
90157
24774
25805
78954
39717
14144
36324
51316
66789
95279
63090
52544
94677
31463
84348
51933
90356
2115
68997
71111
3814
62673
74392
87452
61477
50849
62459
64069
18156
65363
88486
36746
31460
48554
793
78779
79906
53331
11297
35029
18691
80013
80740
6969
48942
59388
67157
61287
3285
15740
23476
28417
16974
7170
9392
84886
67620
64316
99468
43852
65120
19553
84885
83651
69302
42603
80703
76108
974
48926
74273
74327
81352
67232
99598
82474
35156
26509
89065
3141
77835
21503
88805
51750
78838
21992
5112
89432
55844
36072
66255
25131
76097
12885
43080
69961
70188
42743
61744
19049
10620
20908
80742
54327
81212
23404
39458
94435
21805
75906
72610
94727
45905
99138
96509
57589
32111
9961
93451
3808
70156
97238
7840
72954
44190
76542
25538
89918
32550
76346
62088
13930
83537
82052
28716
47519
58889
18249
56993
93076
68062
55206
23631
96255
85880
31386
43384
22393
654
52691
50189
220
53812
19166
2769
58416
72890
80256
87370
81872
55259
67873
26640
89807
82709
14382
15941
58328
9052
5604
33087
907
86996
17100
14166
13275
16653
92639
77241
91686
72388
67490
12123
80363
92460
79113
20988
43650
4755
62748
41167
97090
16568
22993
88406
1263
43387
43094
60152
13325
97506
12737
74141
94035
62654
58206
81860
16559
17107
53944
31004
88292
39832
36997
2815
64741
7466
52667
39863
53855
8154
52698
93127
9176
45490
57789
55910
75954
5366
35767
86846
9724
15159
58962
91945
79344
85625
15923
59877
15860
4330
2155
75473
36445
69725
96819
63988
49311
37204
61029
13649
36462
48160
14923
41156
96008
92252
5612
21211
98947
21765
34250
52087
2757
26969
76928
2507
66772
43444
77827
28720
32503
85537
78194
58881
63977
43879
26132
58897
81444
58522
30493
48287
61098
95308
31195
20555
33173
52326
46725
77111
33291
83917
59868
74449
56762
39872
91682
84671
24852
31226
9710
46072
74098
96651
94628
31612
72347
46427
82033
98124
77054
4884
4788
84115
62933
5164
27107
21848
56173
29579
58316
43923
97965
56231
9410
21860
3110
87829
25836
4120
17629
37869
53357
5783
14242
72862
26123
99311
91126
34269
14772
71295
75955
95872
94606
3336
7664
93411
95006
55656
42318
74054
48280
12614
68801
34049
78518
64039
97449
83058
22989
10005
29051
3662
10639
24909
19395
84292
77162
71657
18954
52368
6735
99625
30238
39255
74331
6007
79933
14039
98816
14576
53885
47310
27545
40966
23970
51581
50537
83614
51969
48118
21094
98947
46608
49837
48821
24633
75767
45426
11403
88267
54503
92706
28799
14483
98845
54914
48845
41598
43639
28978
88807
47430
86628
32230
15293
71250
56282
98269
34383
92028
71949
7005
52517
91287
36798
8433
68937
62240
263
91453
74956
90176
77088
58176
82747
88925
46745
95660
99708
85618
89860
64446
99869
81906
67037
46190
60473
6344
6977
20422
41973
79595
63770
9664
71223
30561
88154
43319
53180
42323
49692
94112
64030
54912
27561
93630
78035
40738
40331
27315
7401
51687
56518
22439
58538
76403
640
51545
31749
36192
965
17370
91030
91964
43395
10759
52705
82160
91390
56638
85442
75963
9125
70167
12544
22201
69531
90759
80478
83271
36936
69979
97065
7712
2240
92797
39300
29768
86233
47041
62964
56654
86601
35681
75548
17353
58078
55966
55433
19769
1182
57935
88911
54539
96436
573
76704
19169
92550
12619
58872
82671
79009
87185
52079
13616
46305
87239
47688
74098
30805
48167
52542
84056
79275
82813
83198
62770
69769
83239
20789
78861
84281
72381
50783
42371
80302
42093
55684
96981
52150
77344
44685
90948
9905
10814
56836
5239
59495
36932
2915
797
78896
20284
88080
62884
76088
64405
40794
69142
35270
21704
37860
34763
33845
98649
78120
12957
29553
95301
54434
72140
36548
2540
99018
28759
11761
85638
4593
39017
17306
68173
83522
96307
79301
40300
65588
70804
42331
14775
96638
57560
87037
61656
50777
12330
42241
51528
56543
15101
4113
53474
22866
59165
52957
3407
52596
95389
83099
7800
8215
70090
94620
55875
1045
29928
25612
72233
23587
34869
72487
96538
54915
45167
59614
84500
12936
13106
97667
90227
51676
30104
67276
64003
80826
24231
51018
25766
6970
70372
37160
62730
52539
40786
7470
20364
34214
54044
15889
26238
27631
90947
47191
10155
90078
39317
39667
84696
87785
68232
66189
90546
90009
5481
84464
75177
5662
76059
75941
47547
5598
80540
40863
90095
64050
28997
92707
99745
55748
17896
99705
13282
92657
89459
70103
25448
42683
47651
4041
17680
78751
43621
90342
45337
39591
16277
73687
89827
82956
44402
42948
65335
46699
20736
87296
77725
18683
34574
75637
2524
85248
74975
43484
30162
89138
94555
82483
1215
748
27119
5639
85069
39524
14136
95866
76858
87005
13652
95904
42984
63764
69964
89436
32366
24491
64748
27316
28271
39982
27800
24631
51082
31709
61672
27909
13414
15306
62077
74859
93226
96811
7937
82812
58634
92271
46589
4354
31013
52145
16601
82494
43403
39892
20282
68102
60470
78777
73957
78028
37142
75832
50463
64288
42022
48738
32962
53879
44264
80956
76725
8559
90085
4016
47583
95276
78278
50534
46478
77132
98244
33217
2929
58799
19721
42796
34141
67399
4847
25658
62191
5593
23532
42825
36643
77675
85341
83319
88199
63529
43673
38533
80121
882
51802
3473
35845
93308
76139
46922
50132
21328
98765
95146
46708
48615
92272
66604
71154
55097
1775
97978
37335
45373
60960
22821
83426
13448
71659
51255
59058
6850
3328
60329
57251
82286
98335
82804
24683
17170
9499
21678
51296
36719
99768
52847
58521
86417
74677
946
90702
453
62759
15918
71796
12340
57578
54424
80389
84234
32945
59980
19106
37945
34713
55000
63951
81634
26183
28265
12362
21262
43006
48935
72068
70237
29418
33951
34779
5396
12097
24680
32093
94077
79152
91558
80301
91675
80745
50913
81377
59419
38949
85881
23808
89808
74763
32246
65902
35041
29495
81300
27570
42097
78184
58827
30576
61378
90027
61936
92613
34556
23180
56674
83935
96276
22950
13849
41859
58796
73605
51026
2617
99964
50402
47751
66865
10196
62917
90471
19354
64353
55327
81983
64625
56696
89271
68519
26733
2483
23404
70354
57830
63550
98275
15188
96004
37575
41768
20122
49726
91327
24253
54468
16620
11332
33519
30320
15665
77322
15652
25975
5532
24599
93015
53404
16568
80901
23494
27347
95023
75612
21388
10882
45322
31780
4516
77433
14561
10094
97205
93791
8422
26995
76556
74855
22096
16289
23295
72022
85682
70970
46971
27451
55473
91140
23560
75611
51767
54994
95304
17586
46131
94676
1904
55397
68588
27676
69545
3607
7113
73238
18133
7910
61040
72568
16729
41571
14598
3905
7290
61010
99583
89843
72050
96104
2710
82930
48091
30277
83374
21578
50464
18315
92016
24381
64298
78999
8600
78264
27277
73549
37396
73026
14881
82375
48846
20391
82996
32452
27026
35078
42419
6117
90475
81645
46882
25630
30173
35246
25973
73012
74821
12971
57319
33761
32323
94073
18086
38594
43804
97759
31831
19676
30312
51797
65024
43917
97839
59488
19798
42629
20878
25708
73585
83606
50347
64639
96016
71671
80680
66143
5836
44238
26212
5048
51814
73962
48449
99176
37916
64669
71489
192
60497
82229
51578
10698
34769
88373
17482
49339
46605
36916
8525
92083
26724
23441
5738
28500
81773
69345
30429
69147
10692
92161
57135
23086
93085
27222
84010
78246
22844
60961
64120
2978
85070
71238
36869
46740
75761
70139
6133
72302
73688
29965
98169
67405
6139
2462
58474
86843
83599
88142
668
91868
94659
80484
61590
8337
52267
46166
27214
34861
57661
71404
90531
3304
50252
56554
72561
90656
67906
1574
72703
85735
30117
51874
22950
30353
15895
90438
951
91373
58236
26241
99271
45857
70823
37200
4316
53864
57298
40437
54469
68064
16698
4549
94032
12257
29118
55067
97127
36316
93977
84410
40781
34864
34843
49491
943
34709
16674
40047
91420
2260
91726
60661
16309
19535
85950
5009
6543
61200
56454
48288
45830
51169
39122
54815
25452
61493
79440
71275
82059
52442
86720
72890
11292
14488
12360
43105
48575
4231
92816
88080
76781
86800
81715
99739
71261
69458
23294
98899
37623
5061
58114
71414
22671
32846
63236
21581
129
3284
74362
92305
85083
61796
5350
72133
45588
47820
82156
56011
44103
86908
8336
79438
78910
40902
90793
94032
60300
72838
25833
36440
39125
48933
60295
6594
85391
36609
46852
48997
59971
35170
14534
99809
16206
40344
77906
75892
69469
98355
38252
65978
44095
49617
55813
93019
54078
97410
77415
31499
57457
63671
54831
87415
52139
53126
51651
36077
77075
7108
93822
16723
296
13957
20774
96554
57624
51356
55327
49647
38010
16640
11859
44227
7385
64027
64253
87691
395
78531
36683
13355
12668
95133
34560
23166
32938
78949
45252
80447
71546
12686
46960
59066
77231
74638
50979
54452
44488
4511
78759
44513
17589
64448
8770
94791
26155
80944
56448
43075
69618
19660
39049
585
93600
13440
35586
88899
87405
33686
4094
91184
59894
11948
53187
34487
55531
21028
23755
61145
59053
85726
2825
93025
92579
31441
56572
81923
88494
86046
49022
43518
25068
73186
90688
96521
11881
76111
18689
39746
6686
92131
25736
4977
96773
52806
54427
38208
24790
2630
47944
92804
43786
5086
43920
7474
67344
86242
82542
56522
12827
48542
17743
85881
26673
90546
14014
57218
3606
53846
17789
23062
47390
27684
25348
1276
91821
40105
26925
98585
80344
22299
50989
75034
5705
70840
47102
46506
39776
91412
51800
838
31132
60943
72437
58152
10522
31762
32610
51014
8249
91582
12641
30676
88310
32387
60535
31339
31766
73572
77804
82552
46201
15885
22189
11570
9038
36605
65223
70871
30790
82433
61884
69088
75189
43660
80315
83593
82778
36965
67173
11870
67533
32954
98150
17866
83589
50533
19542
8524
55481
15776
53836
20169
38809
19984
5302
11972
74959
73993
81074
70480
2845
40792
24737
65113
28294
16724
88092
79266
81836
10549
65900
53474
82546
71224
45039
32688
22999
95843
29773
44594
82433
19488
94636
22877
99712
95523
9135
47455
61170
62769
76171
35064
54225
59148
88888
72390
83227
52929
10748
17981
55960
30861
85618
92077
54931
13284
86351
70789
44358
89114
55545
25832
16868
32814
95001
12509
87979
87192
68775
29888
57796
46644
38416
99119
12155
59791
29407
63072
26413
36528
83834
38767
91783
13440
14486
49865
54792
10412
5361
90850
48485
32224
87846
52124
43516
95415
73423
19845
22812
81703
96702
64040
1785
64694
71407
39193
96865
55738
44117
66590
95778
36632
72701
88878
82161
57340
34104
2384
17450
19787
31766
30623
5143
42522
65423
34605
1160
53723
61578
9769
91222
77024
38086
36611
19713
21712
67626
54769
79997
52170
14642
52948
32718
54075
60961
40290
76306
92485
3420
20930
16303
16652
49652
50054
77145
11534
25712
59270
60372
25370
30460
34436
32784
49817
21473
15368
72039
66794
38091
29718
32299
54473
93542
30646
92854
11252
65272
77194
16462
69026
73604
14961
95559
6598
47798
71614
91515
41068
38225
85579
55767
57660
77185
92324
82681
86878
74113
28799
69230
77355
68616
69075
27496
30585
64862
28370
99137
51001
77444
78168
77153
97243
47866
43862
26300
90866
69371
25775
53364
25546
57249
55602
76436
59925
18686
16168
45702
25846
59504
46434
44354
45511
50578
54530
84623
14865
98531
36288
91898
46845
58779
3177
14005
65393
71057
11207
58694
75061
4754
73013
64743
24652
80194
43904
51916
65663
19034
37992
27291
65761
12472
8577
20268
13015
30413
53252
50683
11513
84221
82882
2329
76276
84030
83813
81399
8661
38011
35438
68013
28065
47942
64895
32172
33327
58329
65764
26068
27670
97501
38708
97432
33223
25625
27869
71608
1002
74517
75480
89545
82862
53898
48249
28486
42415
85899
7255
42383
1478
77441
86439
27585
24936
64150
47962
84934
30692
20839
74955
65610
61164
3459
75571
50308
13534
34247
35610
8627
98063
3314
79256
77294
45611
64188
22959
36338
1094
19030
8959
4546
79363
9927
32171
60675
417
56002
19372
3185
44463
3553
42046
99948
87900
17501
67091
7640
46296
62539
17251
61100
88323
90296
29822
85991
69630
99862
79135
7467
5700
12636
75564
71409
35005
45740
37025
8774
3257
8017
87255
7591
12683
96157
56523
29408
46677
84153
7617
18115
66581
32590
45998
76622
61884
14865
91208
28728
81254
27842
86714
78118
23469
86283
3120
20184
41762
39088
25021
98722
72644
84701
89405
25352
63509
70021
51309
80132
76183
63807
80123
94826
73910
37797
18148
15558
76617
80763
1405
81886
1805
20995
15535
96221
97640
78386
20995
86715
45306
53616
42127
96931
6166
49072
94196
50363
70971
42640
19270
10180
3177
25824
58927
22999
42907
99460
39967
19663
50458
82442
35811
54563
36658
30631
34685
6664
40478
55386
21249
9678
84893
86762
18342
38210
19866
66140
75397
86485
17347
44049
3756
41588
79380
52499
46036
62182
29384
1171
85331
52308
27152
12673
36016
88243
28177
90393
87237
24668
70441
16382
66466
5434
55480
67487
50392
15850
67116
19206
251
75555
64010
93668
21121
59534
24274
65222
46805
10159
32458
13431
62714
60679
90768
41056
62973
28603
98517
64018
71546
98301
15977
41851
26437
70630
72645
81629
61493
77591
46041
88426
4947
46833
29505
22519
358
45000
42871
57543
72890
35231
99283
21445
54429
48866
12238
76819
52877
31384
9370
18755
31322
57834
87220
28865
54029
52677
3551
39625
48604
47592
23833
14534
23057
65007
13336
22257
62048
53676
17135
80065
12263
81190
54679
56578
99795
44023
26332
99545
76241
30101
98148
73021
9625
46415
88686
46670
5750
72327
67842
32479
99510
35692
74639
53121
96439
29299
50841
81686
39382
21855
77554
69200
88575
6707
74719
45027
20776
8558
22601
47799
34801
17769
4602
30467
29484
71634
73420
65947
28532
78673
39335
65166
95870
92279
51015
12071
6495
83795
31662
51848
49748
34108
13855
90205
91668
81806
79554
27466
86070
77486
39
75403
22589
28132
21097
54953
78736
90363
67717
51629
39342
52294
55524
57305
48396
90408
52196
19293
27373
75986
4076
28308
96226
94283
36191
19165
16276
99111
78614
86197
36472
69847
53174
28941
97883
90730
93626
91608
23702
8683
17282
59586
45195
79462
81363
47409
74003
51627
53584
34863
25224
55711
25754
3874
57726
1204
80752
95606
11045
9152
57021
55413
41014
74897
80678
99639
11196
81988
34510
52496
50728
96306
71364
7117
54885
45603
27223
16032
35674
10770
21526
79332
80741
87448
58966
49308
46933
50293
92046
54029
76505
87430
77899
30036
42651
91720
98188
7945
89776
93946
66277
17237
62155
48651
26432
22364
83623
41404
18273
82314
86276
84899
58215
21514
43122
14677
73580
63314
37715
23741
73628
43616
21514
42462
53181
74410
8545
82720
18141
48138
4688
4429
52193
48936
49397
42193
8550
48507
59497
16036
20868
45955
84638
94968
17205
34373
46470
27567
46138
33314
20599
93917
96772
2766
20227
79991
90213
13044
88067
43774
26413
4345
6844
28184
62317
20920
13105
21507
44562
24893
15631
18069
80965
65068
81959
38459
28846
49344
47642
99180
51495
18002
37592
94274
48640
21226
92155
11671
39520
91147
8476
65691
62729
9403
56369
24466
25337
53155
6432
23889
11650
83231
15372
80018
57449
40147
2967
80545
2696
77927
13386
17921
95670
81985
55422
42747
36736
94880
2596
74633
39354
12454
10759
20255
10103
79869
91648
90885
11968
89419
45459
30476
42030
70282
99958