3215
4312
2230
1906
3306
4955
4075
114
4978
3785
4914
982
2552
3402
4271
2812
1844
673
3574
1882
3356
1643
3604
4718
1944
4105
1628
4570
1030
4242
3812
4245
3554
1041
1150
1859
996
225
1972
974
4009
1885
1955
1561
287
1226
4372
2130
1898
2946
4012
254
4588
2615
4971
1532
1720
1598
1101
2750
839
4913
1995
4393
953
3144
1251
1949
3369
3223
2923
2377
108
4878
3938
394
1103
3309
2523
3793
4779
2325
1451
1031
1479
2255
2411
2909
3385
3452
2263
1661
2466
4971
4370
3055
4876
2136
3177
362
4926
1659
1709
1166
4413
2779
3474
4526
3785
665
3318
3563
2989
4768
4594
4467
2022
2004
2375
407
455
4637
2067
2921
4608
1436
975
4483
3572
4152
4844
3497
810
1553
4663
223
4331
3137
4748
3115
3801
3066
1678
1789
2833
1271
1256
4855
3275
3631
261
3730
3268
2328
1650
2876
3763
2625
2358
2335
1776
2202
831
2586
3754
494
2808
3085
3630
2556
1199
2430
621
4219
3454
4147
475
3309
2421
3000
1254
1534
3253
842
4149
2373
868
4821
3474
3618
660
3386
612
52
4339
3756
1302
1287
2124
4525