3456
1420
455
4604
4402
3923
3967
4752
4606
3840
4309
4591
2860
2807
4488
1359
1630
830
4220
2228
4000
888
3005
3715
3516
3935
937
3783
3998
486
4233
4277
219
146
1124
4612
845
3761
91
2775
4628
1472
2957
1295
2862
1644
3065
363
3472
2925
1005
2602
4160
114
3461
782
2493
3184
3019
3709
4099
1180
2613
3890
1588
4278
4263
2990
4850
1034
2967
403
823
428
765
1528
1543
91
498
2566
4245
4489
334
2200
1231
3897
165
2648
3794
3000
2686
4596
1543
4921
4515
4832
3107
3175
4412
1731
1032
1529
1542
1253
2190
292
2135
3030
1869
4870
2908
3571
120
786
1336
3953
2114
1774
816
2333
3601
1058
2083
887
3733
3330
3635
1808
398
1359
986
2526
1456
988
907
199
701
1757
2066
1587
3031
600
2716
2970
3649
2835
74
72
2531
344
835
1695
2549
1184
3726
1055
529
2032
51
3232
4210
3238
4416
1967
4044
2431
645
1376
2989
4261
2441
61
4367
332
2781
877
3311
3842
1261
368
4220
2262
2862
2687
211
3113
568
2254
4923
622
274
2396
1222
2756
877
1716
4170
2241
216
3673
173
4201
211
4520
4090
2017
1145
229
1792
4360
1037
1790
842
3014
3435
621
2805
1703
2555
1027
1642
1056
2757
2972
2005
372
1396
2381
1658
3394
323
4119
653
2610
1263
2139
1256
3231
4469
1919
2698
1302
2347
1684
4491
3031
2707
1351
2978
3102
4496
3556
2427
4616
3528
2692
4585
1122
517
3371
671
4772
2444
3133
2609
2218
1416
293
948
4056
2014
4735
4463
3058
4695
1665
464
79
636
2941
2719
2017
4425
3814
1188
2121
268
1099
2728
3258
4140
1959
1388
905
4446
4226
3672
990
3523
4483
3102
2793
4761
3224
1152
4224
227
3873
3364
3287
2936
3961
2551
1182
181
4482
630
335
962
477
4416
3840
1312
3567
3453
4361
4241
1166
4426
2586
1357
1188
2903
2417
3363
3177
989
1576
2088
3820
4884
2655
998
1114
3329
2648
982
4850
1314
3506
4348
4353
3555
584
3957
903
498
2291
854
1637
2466
4799
4308
257
3472
784
3774
4016
1191
3713
4881
4671
4590
358
2390
797
2747
2412
683
13
644
102
2220
4085
1954
4251
1908
4653
4850
3807
865
1348
1207
2170
2899
1389
3331
2326
2610
3178
3169
4724
1318
2957
4016
4381
2159
2455
150
2933
1056
2608
2062
2846
651
857
2738
4694
1619
4117
3027
4508
2376
3900
4797
3704
4387
4520
1401
4813
2837
4968
4158
2223
2472
2061
2333
802
4800
4165
1212
4287
4775
3539
2931
914
2826
4956
4331
4098
3155
1286
2412
711
4272
1358
1284
2002
118
2770
4092
4319
1186
2465
3013
4069
352
3459
2881
1458
1618
2541
2493
3773
3693
1536
1683
2488
4887
3947
4981
1897
4963
4091
566
2136
2194
2310
3973
4796
4143
3829
2725
993
1674
3440
3774
3468
4703
2562
2578
3527
2969
1624
2442
3055
4945
963
1599
2601
2373
1213
4615
3613
1519
893
4239
3071
1273
3847
4497
22
4755
980
2724
2297
4230
893
4805
4249
4652
3135
933
4257
3399
1145
1481
275
2581
2357
3087
3223
1834
1600
3172
2306
3302
2686
3237
2261
887
456
2543
1335
2676
4866
1732
1824
3023
3607
4516
3318
450
2939
554
1067
1853
4606
463
2528
3203
4263
2940
1652
3774
3183
620
48
1196
971
2046
3171
2430
15
3136
3726
1300
210
2102
3908
962
613
2393
3939
3470
3541
877
1415
4597
4043
2686
1721
28
1749
874
4239
2591
863
2666
2122
4864
4114
1437
2976
3117
2025
2585
3068
3043
703
2732
534
4557
3878
3708
4868
1803
819
424
2338
3078
4528
1205
3799
4393
3522
1994
3952
3068
2886
2657
679
3558
1150
2605
4613
1246
3310
4780
1883
2004
3172
4661
2823
1456
3890
2741
159
2869
2372
4693
1258
4073
1573
3547
1042
3324
75
2838
3213
3892
502
4815
2002
4642
1604
3427
3985
1571
2689
2998
4369
99
426
4280
1315
4128
2873
2178
1201
257
1076
1074
609
4584
1
2154
2184
3083
1625
3538
3884
1360
532
4129
3732
4557
2367
288
936
1058
19
1149
3327
3116
3862
348
1349
4948
2102
2285
1608
1837
4292
408
3528
428
3244
2697
3946
2844
892
3525
3822
1489
3276
610
4043
3570
4701
1429
3519
3128
2500
4822
254
708
3963
545
1289
4706
129
3766
4919
967
4162
3246
4437
2684
4093
2077
821
1521
2165
2833
3522
643
2666
3648
3699
2767
3731
4107
292
1432
1753
2249
1254
2743
3886
1276
368
1719
1584
2270
472
4057
4301
2082
124
3139
410
775
1023
2858
4338
543
2295
1621
2629
4401
3074
2652
1876
4885
3784
3177
2250
2863
682
1066
785
3006
314
4784
1204
2334
238
1106
4813
1192
4041
4418
4309
836
2602
3321
2950
874
2975
4123
1778
3809
4421
1793
4468
3839
4189
139
3253
4753
3280
2586
3074
3268
1781
392
4350
2872
2583
4754
6
540
2948
1386
4700
2941
4029
501
346
4240
3157
1864
3911
4661
444
2547
227
4663
1940
4103
760
3594
3365
1424
2576
2402
1470
4298
3318
4404
185
3689
4146
2623
4986
2440
3183
2852
1602
1633
707
1096
3142
2948
1402
1958
1892
687
3975
4759
3858
3580
1564
309
4077
3135
3898
177
2295
4876
3059
1851
3245
4503
1686
3686
1597
4723
3208
1937
3345
3940
3580
4279
1954
432
202
2308
4570
2635
4093
1360
1905
410
1919
3581
3778
2148
891
1894
3747
3257
2721
677
3928
1938
4708
4857
2323
1334
1961
4026
3231
2961
1148
3395
4122
482
3989
31
3463
2021
2916
551
2223
983
1292
2483
2317
3153
1891
648
3881
457
946
2452
1108
2665
3542
1162
2703
4871
4797
413
4871
4832
1065
3606
1699
4928
4908
3940
1520
3960
3385
4133
1622
2708
326