1770
3065
63
2167
3535
3113
2195
4853
1634
1547
1645
923
2647
3473
2729
2821
3517
1251
4316
4625
4499
745
2693
477
327
1817
3825
4772
2815
2333
470
4584
397
533
1750
3932
3645
3945
3785
279
492
429
1201
3138
3901
3929
959
2418
180
274
2042
4679
1018
4734
155
1345
1551
3980
1116
4365
1312
1586
3949
1708
2118
699
640
763
4643
4424
1041
134
4852
2242
3272
3753
1171
4230
1170
1350
4503
3212
1029
521
2945
1183
1865
4496
162
2981
3860
1473
4566
2808
3181
1683
3506
3821
2446
3149
3159
2437
2644
4224
1933
4749
2201
4182
3708
3980
3069
2183
1409
3679
2844
4592
41
3240
1101
2723
352
3768
2470
3678
4990
4315
2491
1895
975
1024
3619
4134
3461
1263
3357
393
1011
557
4575
4719
4537
2643
1901
945
1321
4744
537
1361
2984
1637
4084
3336
405
1553
2013
394
867
4503
2288
1842
527
907
976
3987
2170
4332
4380
3181
4889
3955
2899
4426
1597
4800
371
2918
4543
4279
2527
2544
3362
862
2948
4915
2874
3342
782
2377
630
2624
2903
1536
3599
1890
3706
2931
1269
1886
2819
223