20071
10407
78017
51832
73477
57800
55946
95223
57310
92090
14290
18848
17562
92994
80377
49229
42202
46537
66238
5195
98645
45832
82982
26464
37048
65082
38896
1330
11164
94050
87237
59652
79596
64540
67472
6078
66565
52951
47123
34081
87857
3716
17628
35107
44075
20370
51302
1545
8631
90158
5445
26371
66271
39694
18653
17773
43931
89645
67578
59419
29406
56671
99284
17457
89894
25560
67702
78547
62358
45102
82817
56785
63345
96021
95606
55343
83490
46423
12463
69557
96727
12543
69328
86210
77966
59689
56859
95099
45980
9315
5779
20912
46748
50074
11038
8889
68782
48640
46601
51235
46267
72484
75205
14327
86841
91689
98804
86588
53514
35722
15736
87366
53401
42146
20093
51170
11988
57395
94548
57493
28450
187
92582
95207
52813
17431
43341
32302
70382
46513
5379
66564
52557
41501
85448
78020
10876
26816
16787
68604
73836
85324
49143
25303
11434
99997
25569
1301
59898
46251
16615
74942
80087
35618
5856
70536
58801
33288
35022
17633
93857
78685
94751
69579
67692
72226
37059
30665
51341
85339
51550
95336
44607
82359
2197
17347
97127
4838
34823
23507
43540
57091
86791
48403
74258
85372
77636
43192
10412
80438
50251
79597
58205
71526
96148
13293
35641
52377
94769
98668
94040
41964
28771
29116
81647
89540
75688
57078
16504
89617
27392
24236
90020
57766
16830
43479
31837
91010
68750
23090
48384
46682
57886
97087
56778
57412
28710
87629
50271
12563
97683
67997
26595
38640
36537
44984
2779
51153
49194
14239
96195
1986
21953
10253
50662
5869
44507
8491
15922
82447
21235
10921
96227
44615
62943
49605
25393
25965
15860
27741
99344
16948
64320
6283
50322
17806
82311
75925
27856
60103
63208
66115
53788
39684
97217
55523
1775
80246
5827
70952
54983
54876
95666
43965
67109
17370
35500
16195
25095
62450
24899
62615
68792
10021
49942
27588
33579
46827
98195
93481
4302
20020
45903
86193
46224
13385
34810
98441
82853
75993
26440
86197
7176
5505
82955
83776
46648
31999
7755
16434
68554
85754
12820
96363
612
67808
54737
96895
402
41352
28917
49457
13297
50131
89099
96698
3118
68150
44829
39605
54094
23574
12728
37407
31700
68405
20100
62033
84897
89574
51629
50063
17134
28862
87905
11173
55866
85936
37117
56857
88963
56599
93506
73590
15540
19948
21612
13130
87841
77385
48618
76769
92331
2267
71501
60651
16796
9728
30269
98195
17753
52046
86591
63903
10453
23956
9437
8542
53889
25355
60242
69339
60598
17800
38116
7297
20164
49467
37537
94901
42898
25207
24756
16885
65082
3479
85073
13453
66566
87467
84714
74090
59519
31031
16474
96878
21210
14780
11176
31528
81617
55344
28280
1901
25434
33040
31007
4404
22284
3718
29765
30239
6992
85545
27527
75839
90282
13096
28082
9251
39887
35198
14915
95657
14128
6359
77234
3171
23122
72109
6236
4152
5428
46494
59993
60458
54859
45910
25223
93457
54647
46455
20514
69930
74095
39391
77819
4127
24031
79039
11781
28703
23925
36314
77045
6998
32249
72748
95514
73899
65649
84645
4390
50549
7439
9571
50386
76311
94831
77340
4
31959
20069
13707
65520
79422
81928
96552
10449
33552
26208
92056
77170
74569
45399
7298
45799
3462
23224
91049
7457
77127
61186
45205
70557
76937
45062
7545
9873
99656
69593
74381
27891
70199
16440
19891
60864
89557
38578
21998
16157
83052
54200
39745
52407
72921
85605
89581
53389
5885
43068
35680
1461
60854
91753
34875
29039
35455
49829
77445
79411
52345
27832
56100
67895
34483
91255
51595
3400
66311
33673
32810
86095
41765
65784
35937
26026
12183
95467
74808
95611
62915
84437
64109
44999
25113
26909
52828
69193
19745
49030
4887
76848
41188
19308
17226
26225
9991
86122
68992
82188
64173
7539
48517
57343
69601
47419
93248
51337
19595
96284
8123
26748
75595
75742
14227
93015
86234
83537
11332
88258
96157
65300
72153
95874
31450
53967
42444
15935
68368
1683
83054
34331
79752
55336
81881
27986
74087
58737
85899
74929
66466
93346
39356
42884
70522
90925
74299
91185
78341
22693
29669
4908
32937
46967
72986
47558
66020
17326
53422
22807
1756
33391
22906
90126
16551
52965
42320
62053
3858
64184
63981
30148
94050
77872
49164
9997
1345
19407
18640
27361
62501
62472
33065
92290
55925
23492
66695
3430
44623
221
90286
60131
93005
652
11438
62195
51014
79459
71492
46885
4122
52381
28471
74233
86516
42734
71281
83531
69889
30392
42779
36770
85980
42274
25029
15971
10811
94204
17713
46085
76522
59309
43051
27764
75274
40025
10456
36799
57105
29534
28948
18859
28359
44776
20874
12234
70638
8185
91122
95726
67826
58231
34863
41097
24032
70449
68437
69077
52537
90238
9309
71390
18508
96636
9701
20138
50001
95367
95044
5112
85295
5665
29990
11592
40706
80471
91425
10114
48286
24898
46711
31172
54613
84633
80866
23143
3897
66864
17485
17022
92830
24987
90131
70954
48865
82972
39010
35950
95382
40898
96021
59994
2938
90279
32917
73630
87512
68730
20805
93382
13870
64867
31758
80271
46152
1219
84081
67739
36294
95644
53290
14170
41138
74751
3894
57378
36710
82956
42491
64976
77717
12667
15642
77744
45220
5494
38307
72868
87136
51753
82732
35019
33320
28476
69829
67978
59722
38356
89217
52081
91370
1996
13377
71815
87169
88103
86726
49949
2965
893
70632
13691
7012
53341
69373
32524
95635
65544
69894
4032
40318
92265
18594
24286
13952
95929
6322
21153
67391
63281
85376
6693
85362
33547
78872
59809
55623
92371
14636
61542
89630
27979
5319
26251
31375
8336
45000
92475
24331
2986
16397
43709
64006
85375
67381
75891
45094
44364
18330
51238
67139
12832
79044
90619
67226
81566
59379
52652
65199
98286
23089
35209
79764
64131
85709
20871
57694
18404
5448
83488
13274
22977
86781
16832
85105
64874
7226
20722
44324
38447
33138
11045
49949
77961
46129
60997
98223
72309
59654
31847
66812
20311
38510
93395
30813
26154
61651
82922
71149
96956
85956
57496
44729
51779
90946
73247
7599
79434
68339
20682
96553
841
41741
73162
92443
12821
68178
48660
86089
99426
68928
41032
85722
50952
95940
92292
50489
87127
80987
51839
11955
40972
59257
87050
88909
32002
35434
27154
22152
95626
59090
73116
65771
54109
30497
42000
71853
7307
48597
65542
41354
57038
38977
78522
94439
94977
71383
58244
2163
99528
4782
74071
11087
96195
81351
49456
4698
81117
99431
14000
64177
40463
20133
16707
67993
41994
81843
70283
10836
5725
70158
94903
76921
30499
86314
77362
45032
78662
24152
45350
53126
82424
25819
51805
56826
70102
73715
86128
54925
12201
20258
88070
21500
98988
42954
46868
18721
14186
13319
1716
31098
96036
55402
35496
29311
89876
71296
48911
98220
76380
59392
88198
45829
94683
4007
96756
48569
21670
47935
43281
50653
94200
85360
55657
84064
48710
48935
57484
13495
11548
57606
64174
9025
6334
90563
61607
41086
28218
60968
18624
64403
25826
80647
94907
7816
78619
29398
12631
10427
58166
1731
44425
9546
92800
62549
83631
98351
32491
47681
65349
56193
82126
58688
9493
32349
60313
34280
66791
22311
81779
21891
36358
65873
60746
87649
49923
78882
76116
51662
11329
79924
84211
27398
32530
96846
26646
48432
3997
42657
76708
73423
63795
29192
69676
33905
70899
67125
29879
74664
79078
24656
46485
80541
52569
93983
30853
96918
31470
92822
71846
30564
41544
31528
87747
8453
20989
58349
42705
8139
95708
75194
74686
17334
11553
50396
59210
57479
45979
66528
77649
16486
99506
95580
84640
34561
35457
51428
22106
15551
12351
2712
54657
47578
27659
75066
57949
3509
91179
80609
58822
64550
33283
99466
45573
27987
39529
18399
47399
47502
31437
5160
44221
52979
65135
24765
72743
88514
76703
19271
92590
61200
57372
24970
93801
91135
44001
78762
22657
60032
49989
2231
44655
20677
84652
49168
26323
56314
22029
15758
40893
21233
63635
34
32687
10066
37240
63312
44289
44382
77165
66991
38130
94269
55144
78774
85894
65747
64345
20711
76665
76479
38213
36118
77899
48473
37908
54961
42996
58660
70738
51845
9212
31128
28982
39925
65154
71709
80177
66094
38812
95355
68684
8968
75316
4482
45240
87954
52720
15800
98178
31972
51789
13700
54166
21783
56892
40986
23841
89613
76603
62989
29694
51517
9350
52351
30464
49572
22796
27198
30393
33436
17163
40045
80883
19079
4635
65267
84745
94596
54766
33334
72342
75701
33371
93369
44571
78523
50386
83924
36505
77095
96453
45978
35892
68402
81642
47803
6217
51003
3251
39425
92486
28196
58551
88363
68933
87202
63066
25269
15001
82602
61253
79449
37604
9521
89919
73105
60623
99777
43035
45447
25287
1769
4741
80791
20674
36175
96552
20142
96247
40007
55025
17671
94833
17760
94937
9637
86117
39086
20945
6106
99877
21686
81997
61924
69084
49417
95030
51191
43152
17101
50615
64545
98828
83928
80246
15580
27141
70324
18485
64914
2256
84115
90408
96857
78867
62253
31585
20566
65972
14135
84024
90781
82997
84196
29742
66070
44147
66574
99462
96529
90270
6898
27881
62962
99613
82243
31744
75042
35955
74928
17349
11815
59805
27560
58785
46148
80455
71519
63668
54930
74661
90934
89858
19687
96949
42047
60174
49527
48607
46728
34862
1893
73470
71231
12000
88140
39208
32914
68854
18457
3053
41993
96671
42893
53185
74984
77854
64870
58199
81979
71756
90056
57594
65390
35284
42161
41242
63769
64840
25651
35305
40519
20978
91294
85222
47790
74890
64714
82339
14906
7470
10921
53516
65779
7525
56851
42461
54352
16783
51175
84984
43720
53540
54443
51559
59126
23612
84532
37779
62580
68120
40606
14573
70425
61631
74783
34593
11400
83280
43771
15905
34273
39621
56464
12847
75686
64595
45840
66431
82155
61902
95848
94949
74473
63495
8394
96023
77119
29117
36680
86588
46076
23546
94600
22945
48210
55621
19809
20850
48890
43792
62633
79356
40066
79956
68977
15205
12594
26283
33229
44676
90581
51048
87786
86170
15746
78104
16172
23085
69729
91129
72885
60466
64048
68897
10187
66904
24852
37360
63890
50300
19966
17486
24077
65159
55982
29940
4519
80350
5250
9924
85527
36874
32035
7173
44116
91699
67132
87623
65226
32406
41277
15167
23178
15278
3778
70838
5479
49457
33582
6872
39539
51805
64188
8492
90152
45127
72391
6627
70796
1971
77917
53015
45983
56758
35413
91934
57572
48932
84345
95145
47440
15370
28197
55910
52538
9491
50875
55680
69323
56020
12067
69414
73974
98291
45589
82530
9304
47107
40871
2360
28612
41246
58214
37917
32495
28276
60015
58212
86674
7093
31495
24661
90057
60574
1084
9668
61361
74129
43401
71770
63820
57877
22447
69561
785
96416
93510
72828
4278
28461
66477
25737
87204
54457
50352
38156
78371
46580
31992
3767
67626
63097
21453
8824
82528
7205
33199
33367
37701
3165
5073
39793
42415
42369
19778
13161
53299
8812
25129
74467
89414
11212
36146
43683
40435
39318
59092
39684
78468
10762
72033
15444
47443
50616
75081
85802
70892
29325
28792
26383
30061
53832
51777
78382
96433
16741
16307
48242
89166
68000
36266
10939
20319
53413
46811
98353
27606
13350
44909
52409
16177
82655
72509
38973
55529
96148
74236
53532
26833
38601
89502
45504
1030
53950
893
19245
16984
11603
74783
16337
95155
55847
53941
22549
95293
7149
41128
80014
69296
96997
83533
98528
85650
42342
54915
85767
25218
7257
24096
58813
7745
84707
10039
96590
34757
22267
91496
83523
70770
32044
28373
44177
71630
41000
87643
86369
66317
24907
30856
41085
93143
41990
3189
26046
18996
11035
36920
72080
5833
69827
55333
19185
3871
55353
65476
5205
46864
394
42066
52930
27192
54759
99871
68408
58088
59628
70496
3456
38383
26073
13190
21114
6796
35480
80784
50600
70784
60596
63102
9345
18365
41384
27448
24047
27240
3482
36722
2931
54044
57931
68214
50039
98770
66793
27702
50682
44327
67972
31415
81596
83739
43670
99711
47564
922
35663
40890
12070
83046
9677
87281
41456
62292
69649
23515
1101
60875
66137
12305
99465
15895
27806
3477
75430
35222
87011
72125
86133
17138
76260
59907
42420
80162
80150
32910
2094
53185
4924
38088
98885
95274
16767
84115
37030
87679
480
45361
73232
8006
47327
82482
12018
54373
73180
4783
8374
75401
70325
58632
68670
36805
99273
28299
2465
32014
18032
16471
8265
95310
72196
27043
87433
64867
79890
24869
54677
52102
69512
18611
56160
64630
47395
14779
48697
15304
50383
48214
50838
16429
52029
9138
1906
93426
32652
19841
99394
59978
4545
80616
6747
81277
40244
17540
52492
32037
16464
98185
67943
24323
52973
18067
10040
81132
19175
86706
76495
92193
89851
21156
47798
85017
8585
1473
66164
35271
39982
4274
7838
6778
36160
23230
62529
60550
63273
10518
9218
59442
77095
95234
72382
33750
84671
23238
58656
89759
86489
52427
69797
52256
33948
46676
33139
37500
22351
53921
14112
20463
56198
15774
41247
55898
33227
94454
98931
9346
41593
7862
72170
37846
41180
58671
99665
66854
22549
36496
70266
33575
93857
72836
32891
28011
78898
8194
46596
26023
83889
82377
43553
63676
5431
50744
59632
8652
6837
35835
74765
13525
20959
46080
52507
17116
47595
47365
66887
4774
37372
96965
20251
20296
66121
60448
41480
83013
57913
3771
34638
93065
27405
90368
27963
33342
12317
86412
1486
73252
2244
50400
16232
56447
43030
83713
91075
3801
95759
8980
32677
83435
53162
4990
94683
97237
21511
64989
84463
11826
57929
35746
44456
32564
46947
3172
58466
32965
64933
58079
8685
50257
43622
37526
5415
90997
40395
9830
25295
87880
77200
983
8430
21
96359
81923
87061
92607
39642
56190
70413
21472
1810
67881
61997
91883
89737
33692
54635
14059
25275
78655
45211
36517
18138
45915
95585
28874
54038
38020
13847
23360
53751
14478
69516
54803
80772
53032
73314
41533
62645
80275
31808
89767
75068
43687
57706
42291
54720
87429
75289
91068
76787
62088
93365
37126
61808
58906
95841
91853
43354
78282
84385
29409
37998
92169
32660
61119
47922
58720
60830
52791
91642
9556
31686
22819
22526
89289
73465
95472
5047
57212
23275
30560
86890
21953
35811
48052
16708
94315
98916
32198
36702
66973
46101
46009
46923
67609
60695
93545
25696
45781
77469
82886
8196
28480
52034
41412
85134
82784
85865
66813
66408
89240
35106
18859
59553
90963
89992
94044
96952
2964
45570
39531
11656
80286
18062
13507
5530
44003
49922
69823
39126
16450
67771
91185
73929
57467
82147
42752
37701
30928
41605
16873
93704
72230
50299
69048
9674
26234
52053
98842
43066
47048
73678
37780
14400
60501
90378
41328
91715
84862
18062
49702
91074
20818
18455
2955
68833
62400
29789
88303
32404
76077
60471
34347
6541
78973
93553
49047
29877
1341
53194
60794
62153
75303
75236
75149
60860
16559
65596
79379
827
89752
49943
14353
86900
5596
91283
69312
23569
1424
95184
5634
77450
73378
65863
1744
88476
27082
74774
98889
60942
94837
44854
74419
89729
14908
72748
91308
23980
62886
72140
65567
46420
98397
38435
47674
82920
94772
40693
6368
22907
57130
4787
38782
48672
86280
64079
43349
58697
35820
36036
80061
35113
76926
54865
80803
55413
98802
46657
48876
39249
55773
5631
67047
27026
46623
13376
22561
93859
473
81256
69938
71266
72671
56364
16372
83016
85228
39691
7003
53052
65016
53664
31615
84113
54825
57727
98217
55344
95720
15147
52660
84337
13398
66103
4289
3698
9288
3491
20465
60009
97955
76408
603
87040
55419
8031
43493
65964
56484
78144
22215
56572
82964
91639
68038
67560
12483
33031
57241
10114
68995
50091
30171
33875
9263
46746
53470
11228
92694
13657
42042
89990
37724
88979
93116
37088
64802
79406
38265
18549
19161
15265
42874
61057
76874
67625
41224
85568
3570
43979
3180
31946
7277
5177
2765
47688
29059
66235
6846
41928
95802
4047
55622
34280
56427
42035
95822
79221
76004
82953
39608
39990
8579
4448
79425
39901
62702
87834
71795
22799
89297
28326
78600
57037
37318
71690
79324
86586
48904
63110
47488
30525
76614
93869
85841
91949
99862
81956
64401
58672
11890
29864
45511
55007
73889
3059
79965
52504
14131
40032
21758
71454
54878
73714
85543
11399
24442
27951
16873
76056
57482
91947
30768
75824
50525
20382
54752
89455
88914
69616
27075
8043
53964
51928
51205
47658
69319
29327
45230
15576
94948
82950
12746
47412
53815
90922
72313
81229
84184
32195
91481
95547
30599
5527
2975
75095
332
76044
67116
73705
13203
9275
75989
56402
45930
8040
67357
24496
45566
22795
7058
13782
13345
37702
64364
10110
92071
98862
71278
71673
802
80860
8785
36965
76523
75601
93618
29609
17614
25018
15517
90537
33098
55387
71570
84471
36220
27874
64028
75938
59059
21790
53744
78455
65475
84004
42116
25353
5253
69425
83637
39364
67297
9952
64131
32952
39260
47063
18718
10445
88123
27013
14490
62079
58074
57693
25642
48990
81758
22434
73451
34385
29026
64979
54065
14826
23181
51529
15800
34802
37393
21056
68575
67582
66911
53786
50711
22966
78445
65983
89059
28359
32704
48800
22483
30440
33997
93107
5536
25073
30100
31718
12065
52833
67231
12964
54675
56037
88521
44489
86446
77729
90136
30694
47278
59465
25628
88575
38591
10404
54667
6529
40280
88368
3612
9542
14174
76134
48174
23462
21107
79781
4388
3342
1373
98929
33873
30646
58189
62844
53022
23399
85941
11043
26833
15680
43274
7727
75480
63357
65749
16130
65854
18801
6935
97829
85431
49937
71516
86973
317
89646
48416
47104
31722
3056
67669
72724
40145
66719
58546
32793
69030
47197
42736
45204
86479
46616
5880
33924
30189
92033
31667
88210
77632
42563
58630
86928
82010
96870
17468
37033
32391
96264
82127
44204
46635
90516
25327
21574
17860
55044
79146
89528
11634
27853
66807
38717
69304
46061
17677
17383
88306
64251
31775
59566
62562
24473
47728
30521
18293
60022
20756
7317
84769
68217
19840
66016
58370
6385
71485
70148
54448
78595
37299
92568
97551
49031
93510
99076
89753
92673
76290
97813
72709
89429
88768
59755
38151
94254
26049
80432
89865
89868
24586
44967
33804
87555
70033
99787
22835
50725
14006
78098
30896
93327
55583
34957
77549
85935
25894
12787
45161
72597
88095
34281
24427
12819
15290
82328
31567
89004
92426
8610
96277
97698
58478
27765
48299
44917
67200
91228
36886
78729
23926
31336
71653
41819
62688
10746
11631
56768
3471
80842
59295
26851
47630
13143
81651
27363
40781
15575
41441
42145
92209
18597
67154
68874
8678
10909
87590
60034
60795
418
33740
43967
25055
81162
78701
4903
58222
52078
72258
99938
2820
48451
62224
28148
38209
20706
64970
57534
32700
33017
34021
36878
860
39621
8599
32619
6001
43917
39852
93969
71137
57855
97153
91625
8103
1105
58291
29976
79875
20330
54534
66254
15720
77152
63198
65938
99820
37673
11880
59154
74973
17558
31615
72826
68446
61265
79731
4013
15039
71481
14369
97158
87082
39158
4685
84598
95338
42682
22919
6819
38837
38196
39163
79755
14094
30273
40038
17548
59567
96934
90591
80214
44300
35652
84000
78263
32926
85397
51672
16221
43457
45952
67381
93062
52149
91401
51076
9838
96980
27229
78212
96702
52252
22540
36454
89759
59978
77329
58203
54547
71413
22287
2231
44487
18617
81678
33592
23363
4462
24506
29990
18404
17220
53941
72337
58699
2628
75575
24479
38805
56434
60149
58906
45509
90396
66484
4071
2341
9641
49057
99958
90953
39159
99670
47831
66811
44593
74800
70041
19942
44615
74027
31556
42587
91201
64770
23085
2503
57997
9548
1442
53000
50648
64279
38072
9481
41001
8970
1446
45941
73555
50504
69027
18098
61517
72953
31921
15940
82057
82450
51458
67689
32266
30580
80111
48692
85891
75672
60759
9792
5512
21206
62160
74204
15519
92899
83975
72662
2099
29193
24473
31990
83329
2212
84653
75099
78797
62449
34826
43207
40348
82004
85450
21844
34642
64583
93365
9750
47902
47450
53847
91123
60708
83139
64288
8767
42735
5486
12666
9907
73330
21456
52714
16720
13642
25008
95543
1534
18909
50896
28270
11571
42947
22953
81351
67918
56991
76387
7320
30129
57427
94748
21652
66438
49249
61643
29540
56432
72647
65647
71239
90485
87099
84705
15301
47706
83510
27069
20454
59403
82882
54750
96986
64386
3692
90231
33676
46104
16684
75961
81490
43805
52956
79568
12880
84296
12988
22487
76288
83830
53171
33037
28454
35206
93264
51871
13921
7603
55797
93365
90282
10899
6951
8178
22945
47679
45637
26549
66530
23705
57196
73827
99863
60631
98176
42957
62325
50805
17477
35349
66795
31808
42296
6971
14871
90577
30387
15365
34455
6431
21007
12285
45682
18116
70718
61230
87127
14750
91423
61805
36498
997
82954
51319
73825
35440
94915
36013
74535
86781
88406
87959
89007
66528
26191
88982
48974
63403
32112
14293
29899
14392
95360
48016
5928
34538
77732
36639
33138
69959
74178
12089
60658
17278
45281
60933
73957
76245
39806
90028
93781
9095
61418
24252
68184
7359
95976
13319
56619
45809
12973
20687
55644
73717
53643
3156
66634
67430
19859
35780
4617
58847
17579
42036
73706
54474
79062
47496
50995
67101
97386
73610
86349
73310
48850
78620
72984
3160
21771
75035
65451
36834
36087
55834
46684
60133
13257
94663
3984
4844
38659
62129
32741
18632
46070
74113
52271
18584
59068
14046
14682
86824
3223
84559
32946
25956
54119
3719
82647
9669
39917
58984
12556
91057
30255
43784
82837
74524
29989
76544
3274
22528
57761
45949
33659
46162
73014
44095
32821
61555
38410
78323
27605
53626
65260
93516
34696
633
71847
40728
21679
45374
84088
37030
1848
59012
95644
24300
65076
42166
10082
46251
31602
80363
10998
23236
40274
22766
46311
89194
74902
58865
74558
5998
84796
85992
67048
13114
84936
26271
18740
8344
42989
21913
87771
54926
65929
12692
76184
21742
34590
38051
84731
18337
59609
45038
4807
34907
92753
68502
76528
2728
43624
48852
50972
35131
61053
16169
2731
33224
9650
52879
12720
70040
34404
39007
2490
40733
61348
81097
6147
44915
84738
14560
18887
92243
64783
57432
56982
44809
64638
76378
4486
35242
46081
28876
43616
31112
59008
81834
23750
31070
12730
39579
75164
88482
92789
4607
24823
63930
52553
33654
62218
65674
23090
35639
86136
73682
76202
59254
25864
19827
23853
16245
14928
80001
78884
41100
53685
70983
50167
84118
49122
70614
10166
35358
77879
79152
91112
34875
68034
76960
25604
70009
61016
95659
24599
74884
49413
20616
85234
37042
51599
53765
39768
32200
68120
40131
21829
57557
31059
73817
40070
19248
49074
82907
92917
72672
82924
1809
13453
59010
3255
27808
24963
17698
91572
91349
82960
95415
83340
98035
4702
74385
2882
29097
3891
99692
66980
91524
76611
35703
57957
49903
23701
10086
7978
50462
76358
9104
21320
32951
42253
17045
39473
10165
43065
11878
21679
78384
21241
85711
26051
36631
95029
71716
20480
78930
74436
77235
93140
45801
54122
87396
69424
63350
76527
77853
25903
35035
46781
76987
86779
72176
4436
76179
30744
8959
77045
98073
84139
44212
57365
55872
45998
59112
48129
88130
71529
27882
12249
52951
86221
53397
3191
82786
69526
33043
41403
43725
17179
68013
97246
7690
64229
9875
51167
27049
36642
84640
35362
93473
11002
23454
47804
43282
8058
48910
20996
67181
30079
76977
93582
10782
20278
38052
81670
62183
58344
15725
33654
61661
43178
69583
80312
75993
15501
13285
67624
74314
15609
4196
26212
328
30444
53757
80421
1314
32325
29835
99952
79075
43643
72985
40645
27940
50621
24911
9355
54661
86658
99828
13119
776
23184
23775
54024
94132
54753
77630
33731
79410
59470
97561
93852
93339
64112
86225
90213
45405
72585
70836
90189
88458
13706
82263
29382
62893
41140
53692
5370
76044
19807
67292
23476
47902
6328
82105
24693
82180
95873
44252
74932
96029
77773
54809
81536
20639
68698
11339
45407
41792
15151
24155
66866
21747
27517
7889
82648
43692
87094
65558
47546
80686
1119
64530
94596
87416
25688
94751
51222
44277
8712
53184
63343
12872
96226
49524
83848
38990
50281
27768
23546
10060
98229
53686
15680
45106
69116
81174
33604
42952
68030
79299
12919
40682
83068
67788
65099
61745
89405
67832
35285
54015
29911
20731
86866
14322
46298
24592
57812
30371
77211
51054
5413
99545
94459
1838
59136
93367
68678
79732
30229
53452
22177
33894
68888
57557
23373
44472
98965
33505
64023
70704
20970
80996
25849
63004
7869
53551
22923
29269
81584
82892
74018
55276
77759
71794
22564
38296
92411
97053
91034
19362
4549
39113
3936
9280
37411
51325
7417
21613
45417
15508
6341
23949
18542
15347
21215
8789
27779
67842
75776
25890
43370
12265
28797
90826
29333
29304
86933
19903
94988
28191
83245
99340
63656
47133
91558
4743
91814
97795
77731
20069
62422
60573
32465
46951
39144
3755
78966
61202
67686
30617
61816
640
61486
13273
97728
11831
85747
32662
39421
56069
85267
80423
41056
16808
18858
68983
36525
54153
57017
57553
91696
86444
13336
28627
33596
30773
84117
94997
95035
17607
81629
53340
56684
81262
8826
274
22029
14263
18298
58981
4971
52742
98552
18891
22810
52080
51649
19208
75440
22696
65715
23162
74457
35654
80585
21944
64354
10329
96200
67626
71662
73860
23235
36315
37687
12076
53059
27169
74001
24482
17259
46005
81240
15115
51376
99170
90270
93958
83439
68872
8404
34225
47969
83543
2250
57541
72898
96358
6853
89363
66669
51382
58033
27413
77683
39290
12282
57318
16635
75339
79799
51416
40813
26908
85750
28861
70340
26990
99910
38081
18055
46153
71159
89226
30418
25941
28382
91705
55367
57916
74860
52466
18349
70011
76013
27014
80803
92291
75150
91334
45815
33874
2035
78536
29287
88224
2563
48919
61644
827
62798
76371
16090
69514
23836
20714
29643
38604
3280
99484
96825
43764
51138
82025
10590
54429
54416
66916
94858
40618
37819
10657
10311
9582
77922
35896
1059
8330
75034
13064
72735
3502
3710
57467
71673
53988
17421
49669
77717
8409
49404
87394
43516
56760
13961
57764
31682
20053
74024
17073
91478
75101
2867
85104
20650
81543
48035
95862
97889
79081
84622
47692
46988
6926
5661
13798
9162
59400
61708
77341
44188
91604
80055
65348
55093
6601
79220
45296
89870
22525
57821
45369
93043
19266
97978
10676
70702
99559
41878
93996
36463
90247
21713
83434
91124
93760
1011
89892
65031
82676
67355
73516
45230
68681
26377
9813
80044
87708
12680
30775
43682
95040
54862
49549
42007
31499
21088
20877
24713
48322
47837
67771
14067
38588
58975
424
70005
76775
23296
21490
19801
27968
96222
26329
55757
98945
33738
45053
34111
72087
40665
67289
83463
94334
6198
11642
99210
49903
17821
33740
43059
22691
94503
91895
72498
75017
63133
7558
17850
3889
56821
52083
50891
75916
90733
80410
90023
34761
15316
83048
44014
30973
73050
729
38669
69790
66592
97011
57272
37096
81428
28683
330
12086
31097
14707
84415
43993
63027
73627
99487
46153
99749
64507
23800
34403
11119
18961
21329
89465
91209
42
89686
24451
15160
92753
38922
22712
20460
30049
14430
35725
20119
47217
44764
72991
47907
88454
32483
15193
72858
20200
41135
16418
97958
97619
82073
8008
54364
59294
66992
20986
93202
89837
12293
21219
40199
35071
4466
11866
76844
48299
6926
31045
29931
20947
94911
22694
86417
79975
68862
24582
3996
2554
76084
14418
16959
44641
25505
21887
84514
62976
5693
92895
47699
56129
44609
49408
93034
44205
93025
12598
16700
96632
33032
67504
73544
44817
61474
2129
78015
1513
48525
48960
31631
79937
72750
14291
32464
6135
73701
47391
85964
28895
43577
92945
25506
33268
70842
19536
7330
3046
48604
19894
94484
2506
88278
94990
18930
46256
54724
91197
38147
25218
38608
34645
19643
5279
4591
54910
3000
91370
14894
92785
96865
72546
98506
16571
5740
27671
6246
77533
32123
18948
2362
50973
57542
17778
47562
86014
40319
53733
44162
94789
26651
48418
62007
87665
36928
7521
35118
75063
40947
46751
79474
85730
30593
72784
75682
89433
77157
7571
46265
99894
14737
92641
57434
9177
43043
24564
88375
79425
82949
82557
19507
2168
99606
59284
43407
76
44213
6343
18539
83737
98775
68997
64267
14308
54046
26438
86766
52297
22066
92338
72441
48914
73937
62507
22560
89561
12822
34387
69693
37332
55195
96530
36697
84734
64271
17290
25102
42979
60263
36801
89267
60945
25049
66686
33637
20552
34726
21914
32510
1214
90938
1913
52312
27046
35451
65595
79630
27833
10760
40841
86387
6059
93844
36739
28129
2828
45114
14248
98382
28494
70084
32089
18552
12317
1115
23531
93125
18186
38025
84306
71776
26630
2704
30821
56808
59052
7279
23842
76194
47481
43186
68557
47379
18056
2332
611
78117
54182
86750
24373
66402
22735
12582
99444
99886
35479
56818
65733
27268
59356
90909
53154
37785
55036
96058
68293
39902
24565
76630
61235
60828
54789
23918
12959
14131
77504
28500
30377
20464
34699
40745
40633
37778
55518
70867
91566
40047
74522
63199
23966
34894
79967
63778
87483
87954
46700
36882
84069
19090
59137
57307
77731
36008
48724
68824
97560
41855
50810
16555
35207
44374
27340
51253
14205
93891
35896
63028
39002
44884
48012
22957
72337
85217
93268
26808
48056
84156
35920
50080
39806
97463
34057
16142
65967
29556
51582
84893
60251
43216
57882
54605
98712
7503
36084
17296
16629
28475
65755
66912
8493
94697
51676
16460
91554
49934
91072
58337
70856
18654
38574
48041
23198
96083
44690
92733
68693
7042
51086
83352
49172
71280
10025
16209
41898
16973
73329
88034
60268
92370
8649
63115
8249
38466
68291
96466
5842
20492
29477
79901
19871
52347
40446
64899
19830
41803
62663
94352
12819
43591
84631
30994
38425
97485
2678
68628
6
25646
81598
44775
81311
85463
65138
73373
78011
68878
6002
45271
48062
6927
46406
99257
25214
50774
29657
74253
88546
3154
72360
46257
83563
12495
4092
29142
7340
91384
73987
21015
80499
44455
19205
68824
53851
52812
21445
80362
59965
66551
21257
97743
41524
18358
20887
81035
32869
92312
4462
86297
64016
58835
28489
12117
20946
98210
87136
27433
53088
27798
80520
67206
31806
27947
38808
81292
16981
28362
83018
88803
29785
50303
32960
19410
22548
83867
24137
35065
3992
93436
55876
72327
4339
16985
34445
11208
67289
7436
63729
63933
66864
84989
30946
34746
11936
4943
1423
13331
47838
37908
57503
53990
69016
4755
64922
3719
95766
57400
43220
76746
53153
78514
38093
42190
66594
38933
15882
29721
41406
89083
28091
14960
78905
97484
31649
97254
53276
66782
99239
94846
91586
72243
75288
40074
84748
41904
89854
79871
82181
15830
78664
33952
42394
92348
73549
9998
88746
23819
39097
43891
99174
61109
84378
1121
38958
50512
1004
39150
53779
25042
25187
62608
33978
87901
72197
39478
38197
87523
12883
90110
44656
85893
70610
74434
4639
33321
85205
24401
89630
77352
24879
81441
66131
82353
53658
96206
28096
50875
76133
33855
80933
28369
8760
12353
20674
1823
30547
20400
98553
74994
21321
82542
55188
93402
12436
72228
6254
3244
98468
2774
44714
735
30850
74393
72957
93854
20464
10389
69153
63979
65727
86735
79297
63709
66112
62714
83429
63919
72902
21587
19173
59538
72736
7415
73698
34730
46843
93899
29555
24284
53353
14524
53496
70446
33480
94368
51787
60661
88845
30367
67240
74433
5129
83165
31495
93378
75606
15392
47716
42521
46191
41806
55363
11554
89807
21751
52908
99320
98139
26129
36893
91700
52810
12122
73166
97747
87606
60171
29734
58049
37666
79924
44533
71370
42238
3265
79775
85967
69984
83652
866
53042
57503
13442
17170
91685
15880
97125
92600
98212
46874
25866
10885
70263
74295
10533
81952
45857
14041
73794
3768
55477
14742
24643
70669
42793
79495
63851
18796
16003