21
30
41
52
53
59
61
63
63
75
81
82
87
97
101
108
114
127
134
134
145
155
162
180
185
223
223
225
239
254
256
261
264
268
274
279
287
310
322
325
327
335
340
347
352
362
371
393
394
394
397
405
406
407
423
429
433
435
455
460
461
470
475
475
477
486
491
492
494
505
521
527
527
530
533
537
541
546
557
576
582
612
616
621
626
630
640
640
644
645
660
665
665
673
699
728
737
745
751
763
768
781
782
804
807
810
829
831
834
839
842
855
857
861
862
867
868
869
883
907
910
922
923
939
945
953
959
965
974
975
975
976
977
981
982
983
996
1011
1018
1024
1029
1030
1031
1032
1036
1041
1041
1042
1052
1093
1095
1101
1101
1103
1103
1116
1127
1131
1141
1150
1166
1167
1170
1171
1173
1183
1186
1189
1199
1201
1204
1224
1226
1227
1230
1251
1251
1254
1256
1256
1263
1269
1271
1287
1298
1302
1307
1309
1312
1321
1325
1331
1333
1344
1345
1348
1350
1350
1359
1361
1361
1367
1384
1385
1409
1413
1426
1436
1443
1448
1451
1464
1473
1479
1484
1497
1532
1534
1536
1536
1547
1551
1553
1553
1561
1567
1586
1589
1592
1597
1598
1599
1608
1612
1614
1628
1634
1637
1643
1645
1650
1659
1661
1670
1678
1683
1683
1690
1698
1698
1708
1709
1720
1742
1750
1762
1763
1769
1770
1776
1784
1789
1795
1797
1797
1806
1817
1826
1827
1836
1842
1844
1845
1854
1859
1865
1882
1885
1886
1890
1895
1898
1901
1902
1906
1929
1932
1933
1944
1949
1950
1952
1955
1972
1991
1995
2003
2004
2011
2013
2014
2022
2037
2042
2053
2061
2067
2076
2076
2079
2094
2118
2124
2130
2136
2148
2153
2161
2164
2166
2167
2170
2183
2185
2191
2194
2195
2201
2202
2208
2217
2217
2230
2232
2242
2255
2257
2263
2277
2287
2288
2297
2319
2325
2328
2333
2335
2335
2342
2345
2348
2349
2357
2358
2359
2368
2373
2374
2375
2377
2377
2379
2387
2390
2391
2395
2399
2402
2407
2411
2418
2420
2421
2430
2437
2440
2441
2446
2452
2466
2469
2470
2479
2486
2491
2492
2497
2498
2500
2511
2522
2523
2527
2530
2544
2549
2552
2555
2556
2566
2566
2573
2577
2586
2598
2607
2609
2615
2624
2625
2643
2644
2647
2651
2652
2662
2688
2692
2693
2708
2720
2723
2729
2750
2753
2757
2761
2779
2780
2787
2790
2808
2808
2812
2815
2819
2819
2821
2822
2824
2828
2831
2833
2844
2863
2874
2876
2889
2890
2893
2893
2898
2899
2900
2903
2906
2909
2918
2921
2923
2924
2931
2931
2940
2942
2945
2946
2948
2972
2973
2980
2980
2981
2982
2984
2989
2999
3000
3001
3010
3014
3015
3055
3065
3066
3069
3079
3085
3095
3099
3113
3115
3122
3124
3137
3138
3144
3149
3153
3159
3169
3177
3179
3181
3181
3201
3212
3213
3215
3223
3232
3238
3240
3245
3253
3261
3263
3268
3272
3275
3283
3289
3294
3295
3300
3306
3309
3309
3318
3336
3342
3342
3354
3356
3357
3362
3369
3383
3385
3386
3393
3397
3399
3402
3403
3411
3420
3421
3427
3428
3452
3453
3454
3454
3456
3461
3469
3473
3474
3474
3497
3506
3517
3518
3521
3535
3548
3554
3563
3563
3565
3572
3574
3590
3599
3603
3604
3606
3606
3607
3609
3612
3618
3619
3630
3631
3645
3645
3661
3664
3673
3675
3678
3679
3690
3697
3706
3708
3722
3725
3730
3741
3743
3753
3754
3756
3763
3768
3775
3785
3785
3785
3785
3793
3801
3801
3802
3812
3821
3824
3825
3826
3849
3851
3860
3863
3873
3901
3910
3916
3922
3922
3929
3932
3938
3945
3949
3950
3955
3977
3980
3980
3980
3987
3989
3993
4000
4007
4007
4009
4012
4018
4029
4044
4069
4075
4078
4084
4089
4105
4121
4128
4134
4146
4147
4149
4150
4152
4152
4177
4182
4219
4224
4230
4232
4242
4245
4245
4254
4271
4275
4279
4312
4315
4316
4331
4331
4332
4332
4339
4365
4370
4372
4380
4392
4393
4399
4402
4403
4413
4423
4424
4426
4449
4467
4468
4475
4477
4479
4482
4483
4496
4499
4503
4503
4503
4518
4524
4525
4525
4526
4537
4539
4543
4549
4559
4561
4566
4570
4575
4581
4584
4588
4592
4594
4603
4608
4625
4637
4643
4658
4663
4679
4695
4696
4698
4704
4717
4718
4719
4719
4732
4734
4734
4741
4741
4744
4748
4749
4768
4772
4779
4782
4800
4821
4822
4829
4844
4852
4853
4855
4866
4866
4873
4876
4878
4889
4897
4900
4906
4913
4914
4915
4915
4922
4926
4940
4946
4953
4953
4955
4958
4959
4964
4971
4971
4978
4979
4990
4992
